,HgtMOLA,LatPC,LonW,Denkgm3,Temp,EWind,EWTot,NWind,NWTot,VWind,DensP
0,124.97,0.86,0.78,1.66e-09,122.4,14.1,17.8,19.6,19.2,4.4,2.4717400000000004e-09
1,124.87,0.86,0.78,1.686e-09,122.3,14.0,18.2,19.7,20.0,4.7,2.673996e-09
2,124.77,0.86,0.78,1.713e-09,122.2,14.0,18.0,19.7,19.1,4.9,2.528388e-09
3,124.67,0.86,0.78,1.74e-09,122.0,13.9,21.0,19.8,18.8,4.6,2.81184e-09
4,124.57,0.86,0.78,1.767e-09,121.9,13.8,16.3,19.9,18.3,4.5,2.7918600000000003e-09
5,124.47,0.86,0.78,1.795e-09,121.8,13.8,17.2,19.9,18.4,5.0,2.8845649999999997e-09
6,124.37,0.86,0.78,1.823e-09,121.7,13.7,18.4,20.0,20.7,4.8,2.774606e-09
7,124.27,0.86,0.78,1.852e-09,121.6,13.7,19.6,20.1,20.6,4.9,2.946532e-09
8,124.17,0.86,0.78,1.881e-09,121.4,13.6,22.5,20.1,18.4,5.0,2.776356e-09
9,124.07,0.86,0.78,1.911e-09,121.3,13.5,21.5,20.2,20.2,5.0,2.9696940000000004e-09
10,123.97,0.86,0.78,1.941e-09,121.2,13.5,18.5,20.3,23.3,5.1,2.9037359999999997e-09
11,123.87,0.86,0.78,1.972e-09,121.1,13.4,14.2,20.3,19.3,4.7,2.8278479999999997e-09
12,123.77,0.86,0.78,2.003e-09,120.9,13.4,12.2,20.4,18.5,4.2,2.7681459999999993e-09
13,123.67,0.86,0.78,2.036e-09,120.8,13.3,15.4,20.4,17.5,3.9,2.8727960000000002e-09
14,123.57,0.86,0.78,2.07e-09,120.7,13.1,14.0,20.4,18.9,4.1,2.7820800000000004e-09
15,123.47,0.86,0.78,2.105e-09,120.6,13.0,12.1,20.4,20.0,4.0,2.759655e-09
16,123.37,0.86,0.78,2.14e-09,120.5,12.9,8.5,20.5,18.1,4.4,2.79698e-09
17,123.27,0.86,0.78,2.176e-09,120.3,12.8,10.3,20.5,16.9,4.2,2.822272e-09
18,123.17,0.86,0.78,2.212e-09,120.2,12.7,7.6,20.5,18.4,4.5,2.9043559999999996e-09
19,123.07,0.86,0.78,2.249e-09,120.1,12.5,5.1,20.5,18.5,4.5,2.970929e-09
20,122.97,0.86,0.78,2.287e-09,120.0,12.4,4.1,20.5,18.7,4.2,2.938795e-09
21,122.87,0.86,0.78,2.325e-09,119.8,12.3,4.9,20.5,15.1,4.1,3.0783000000000004e-09
22,122.77,0.86,0.78,2.364e-09,119.7,12.2,4.8,20.5,19.6,3.3,3.4561680000000003e-09
23,122.67,0.86,0.78,2.403e-09,119.6,12.1,5.8,20.5,20.5,3.3,3.1190940000000003e-09
24,122.57,0.86,0.78,2.443e-09,119.5,12.0,8.0,20.5,22.4,3.0,3.15147e-09
25,122.47,0.86,0.78,2.484e-09,119.4,11.8,9.8,20.5,23.1,3.6,3.2987520000000002e-09
26,122.37,0.86,0.78,2.526e-09,119.2,11.7,11.8,20.5,23.2,3.1,2.98068e-09
27,122.27,0.86,0.78,2.568e-09,119.1,11.6,14.7,20.6,20.4,2.5,3.084168e-09
28,122.17,0.86,0.78,2.611e-09,119.0,11.5,14.0,20.6,23.3,3.0,2.864267e-09
29,122.07,0.86,0.78,2.655e-09,118.9,11.4,13.0,20.6,21.2,2.6,2.636415e-09
30,121.97,0.86,0.78,2.699e-09,118.8,11.3,12.9,20.6,19.9,2.4,2.6234279999999997e-09
31,121.87,0.86,0.78,2.744e-09,118.6,11.1,13.7,20.6,22.0,1.9,2.494296e-09
32,121.77,0.86,0.78,2.79e-09,118.5,11.0,13.7,20.6,24.0,1.5,2.64492e-09
33,121.67,0.86,0.78,2.837e-09,118.4,10.9,16.5,20.6,24.3,1.6,2.593018e-09
34,121.57,0.86,0.78,2.884e-09,118.3,10.8,16.1,20.6,24.1,2.0,2.803248e-09
35,121.47,0.86,0.78,2.933e-09,118.1,10.7,16.0,20.6,26.2,1.8,2.886072e-09
36,121.37,0.86,0.78,2.982e-09,118.0,10.6,10.5,20.6,27.3,1.3,2.8150079999999996e-09
37,121.27,0.86,0.78,3.032e-09,117.9,10.4,10.3,20.6,28.4,0.6,3.3897760000000002e-09
38,121.17,0.86,0.78,3.082e-09,117.8,10.3,7.7,20.7,31.0,0.6,3.8370900000000004e-09
39,121.07,0.86,0.78,3.134e-09,117.7,10.2,7.6,20.7,28.9,0.8,3.654244e-09
40,120.97,0.86,0.78,3.187e-09,117.5,10.1,13.0,20.7,29.2,0.1,3.786156e-09
41,120.87,0.86,0.78,3.24e-09,117.4,10.0,11.3,20.7,29.2,-0.2,3.8394e-09
42,120.77,0.86,0.78,3.294e-09,117.3,9.9,10.6,20.7,30.4,-0.4,3.73869e-09
43,120.67,0.86,0.78,3.349e-09,117.2,9.7,9.1,20.7,32.5,-0.2,3.496356e-09
44,120.57,0.86,0.78,3.406e-09,117.0,9.6,6.9,20.7,33.3,-0.2,3.83175e-09
45,120.47,0.86,0.78,3.463e-09,116.9,9.5,7.4,20.7,32.6,-0.1,3.9270419999999995e-09
46,120.37,0.86,0.78,3.521e-09,116.8,9.4,10.4,20.7,32.9,0.3,4.175906e-09
47,120.27,0.86,0.78,3.58e-09,116.7,9.3,11.2,20.7,34.1,0.1,4.1563800000000005e-09
48,120.17,0.86,0.78,3.64e-09,116.6,9.2,14.9,20.7,36.7,0.1,4.477199999999999e-09
49,120.07,0.86,0.78,3.701e-09,116.4,9.0,12.3,20.8,38.1,-0.0,4.430097e-09
50,119.97,0.86,0.78,3.763e-09,116.3,8.9,14.5,20.8,36.3,0.5,4.109196000000001e-09
51,119.87,0.86,0.78,3.826e-09,116.2,8.8,9.6,20.8,37.8,0.3,4.0899939999999995e-09
52,119.77,0.86,0.78,3.89e-09,116.1,8.7,6.5,20.8,35.2,0.8,4.3179e-09
53,119.67,0.86,0.78,3.955e-09,115.9,8.6,13.2,20.8,34.6,0.7,4.5640699999999995e-09
54,119.57,0.86,0.78,4.021e-09,115.8,8.5,14.2,20.8,35.8,0.8,4.515583e-09
55,119.47,0.86,0.78,4.089e-09,115.7,8.3,15.6,20.8,36.6,1.0,4.665549e-09
56,119.37,0.86,0.78,4.158e-09,115.6,8.2,16.1,20.8,37.4,1.0,5.05197e-09
57,119.27,0.86,0.78,4.227e-09,115.5,8.1,10.6,20.8,41.0,1.1,5.431695e-09
58,119.17,0.86,0.78,4.298e-09,115.3,8.0,18.5,20.8,38.7,0.9,4.946998e-09
59,119.07,0.86,0.78,4.37e-09,115.2,7.9,19.2,20.8,41.7,0.9,4.920619999999999e-09
60,118.97,0.86,0.78,4.444e-09,115.1,7.7,20.1,20.9,40.5,1.6,5.2794719999999996e-09
61,118.87,0.86,0.78,4.518e-09,115.0,7.6,22.3,20.9,42.9,1.6,5.33124e-09
62,118.77,0.86,0.78,4.594e-09,114.8,7.5,23.7,20.9,43.6,1.4,5.388762e-09
63,118.67,0.86,0.78,4.67e-09,114.8,7.4,24.6,20.8,43.4,1.0,5.21639e-09
64,118.57,0.86,0.78,4.748e-09,114.7,7.2,25.0,20.7,46.3,0.7,5.2465399999999995e-09
65,118.47,0.86,0.78,4.826e-09,114.6,7.1,23.9,20.7,44.4,1.2,5.824982e-09
66,118.37,0.86,0.78,4.906e-09,114.6,7.0,21.5,20.6,40.7,1.3,5.754738e-09
67,118.27,0.86,0.78,4.988e-09,114.5,6.8,22.4,20.5,38.0,1.7,5.706271999999999e-09
68,118.17,0.86,0.78,5.07e-09,114.4,6.7,21.6,20.4,35.1,1.4,5.48574e-09
69,118.07,0.86,0.79,5.154e-09,114.4,6.5,17.3,20.4,36.4,1.5,5.339544e-09
70,117.97,0.86,0.79,5.24e-09,114.3,6.4,18.0,20.3,36.7,0.8,5.22952e-09
71,117.87,0.86,0.79,5.326e-09,114.2,6.3,19.0,20.2,35.4,1.6,5.533714e-09
72,117.77,0.86,0.79,5.415e-09,114.2,6.1,18.9,20.2,35.4,1.9,6.405945e-09
73,117.67,0.86,0.79,5.504e-09,114.1,6.0,19.9,20.1,32.2,2.2,6.588288e-09
74,117.57,0.86,0.79,5.596e-09,114.0,5.8,20.8,20.0,34.1,2.0,6.189176000000001e-09
75,117.47,0.86,0.79,5.689e-09,114.0,5.7,21.7,19.9,35.1,1.8,6.411502999999999e-09
76,117.37,0.86,0.79,5.783e-09,113.9,5.6,24.6,19.9,36.6,1.7,6.985864e-09
77,117.27,0.86,0.79,5.879e-09,113.8,5.4,23.6,19.8,38.9,1.7,7.2370490000000005e-09
78,117.17,0.86,0.79,5.976e-09,113.8,5.3,24.7,19.7,42.3,1.1,7.446096e-09
79,117.07,0.86,0.79,6.075e-09,113.7,5.1,28.4,19.6,43.2,0.3,8.292375e-09
80,116.97,0.86,0.79,6.176e-09,113.6,5.0,30.6,19.6,48.0,0.1,7.948512e-09
81,116.87,0.86,0.79,6.279e-09,113.6,4.9,32.2,19.5,45.5,-0.6,7.528521e-09
82,116.77,0.86,0.79,6.383e-09,113.5,4.7,30.8,19.4,46.5,-0.4,7.965984e-09
83,116.67,0.86,0.79,6.489e-09,113.5,4.6,30.3,19.4,46.7,0.0,7.682976e-09
84,116.57,0.86,0.79,6.596e-09,113.4,4.4,29.6,19.3,47.8,0.5,7.572208e-09
85,116.47,0.86,0.79,6.706e-09,113.3,4.3,25.0,19.2,47.4,0.2,7.725312e-09
86,116.37,0.86,0.79,6.817e-09,113.3,4.2,24.6,19.1,43.8,-0.2,7.573687e-09
87,116.27,0.86,0.79,6.93e-09,113.2,4.0,22.8,19.1,46.1,-0.0,7.99029e-09
88,116.17,0.86,0.79,7.045e-09,113.1,3.9,22.8,19.0,44.3,0.1,7.890400000000002e-09
89,116.07,0.86,0.79,7.162e-09,113.1,3.8,20.8,18.9,46.7,-0.5,8.73764e-09
90,115.97,0.86,0.79,7.281e-09,113.0,3.6,19.0,18.9,48.8,-0.9,8.344025999999998e-09
91,115.87,0.86,0.79,7.402e-09,112.9,3.5,17.7,18.8,47.0,-0.9,8.297642e-09
92,115.77,0.86,0.79,7.525e-09,112.9,3.3,16.8,18.7,47.4,-0.9,8.315124999999999e-09
93,115.67,0.86,0.79,7.65e-09,112.8,3.2,17.4,18.6,48.5,-1.5,7.70355e-09
94,115.57,0.86,0.79,7.777e-09,112.7,3.1,17.6,18.6,46.8,-1.7,8.064749e-09
95,115.47,0.86,0.79,7.906e-09,112.7,2.9,15.4,18.5,43.7,-1.9,8.285488e-09
96,115.37,0.86,0.79,8.037e-09,112.6,2.8,13.9,18.4,42.4,-1.1,8.382590999999998e-09
97,115.27,0.86,0.79,8.171e-09,112.5,2.6,8.8,18.4,39.2,-1.7,9.086152e-09
98,115.17,0.86,0.79,8.306e-09,112.5,2.5,5.9,18.3,37.7,-1.4,9.443922e-09
99,115.07,0.86,0.79,8.444e-09,112.4,2.4,5.8,18.2,37.1,-1.4,9.220848e-09
100,114.97,0.86,0.79,8.585e-09,112.3,2.2,5.4,18.1,38.2,-1.6,9.374820000000002e-09
101,114.87,0.86,0.79,8.727e-09,112.3,2.1,6.1,18.1,40.3,-1.9,8.831723999999999e-09
102,114.77,0.86,0.79,8.872e-09,112.2,1.9,4.5,18.0,36.3,-2.2,9.058312e-09
103,114.67,0.86,0.79,9.02e-09,112.1,1.8,3.4,17.9,36.4,-2.2,8.92078e-09
104,114.57,0.86,0.79,9.169e-09,112.1,1.7,4.7,17.8,38.9,-2.3,8.903098999999999e-09
105,114.47,0.86,0.79,9.322e-09,112.0,1.5,5.2,17.8,38.5,-1.6,9.033018e-09
106,114.37,0.86,0.79,9.477e-09,111.9,1.4,2.7,17.7,37.3,-1.5,8.709363e-09
107,114.27,0.86,0.79,9.634e-09,111.9,1.2,3.8,17.6,37.3,-1.3,9.48949e-09
108,114.17,0.86,0.79,9.794e-09,111.8,1.1,1.6,17.6,34.9,-1.3,9.54915e-09
109,114.07,0.86,0.79,9.957e-09,111.7,1.0,-0.1,17.5,30.0,-1.5,9.708074999999999e-09
110,113.97,0.86,0.79,1.012e-08,111.7,0.8,1.0,17.4,32.4,-1.6,9.85688e-09
111,113.87,0.86,0.79,1.029e-08,111.6,0.7,-3.4,17.3,35.3,-1.8,9.929849999999999e-09
112,113.77,0.86,0.79,1.046e-08,111.5,0.5,-2.7,17.3,37.1,-1.7,9.633660000000001e-09
113,113.67,0.86,0.79,1.063e-08,111.5,0.5,-5.0,17.1,38.1,-1.8,1.050244e-08
114,113.57,0.86,0.79,1.081e-08,111.6,0.4,-3.9,17.0,33.9,-2.6,1.0604610000000001e-08
115,113.47,0.86,0.79,1.098e-08,111.6,0.3,-2.2,16.9,33.4,-3.1,1.049688e-08
116,113.37,0.86,0.79,1.116e-08,111.6,0.2,-0.8,16.7,33.8,-2.0,1.1081880000000001e-08
117,113.27,0.86,0.79,1.134e-08,111.6,0.1,0.6,16.6,35.1,-1.6,1.0863719999999999e-08
118,113.17,0.86,0.79,1.153e-08,111.6,0.0,2.8,16.5,35.0,-1.8,1.042312e-08
119,113.07,0.86,0.79,1.171e-08,111.6,-0.1,5.4,16.3,34.2,-1.7,1.04219e-08
120,112.97,0.86,0.79,1.19e-08,111.6,-0.2,8.3,16.2,36.6,-1.6,1.06029e-08
121,112.87,0.86,0.79,1.21e-08,111.6,-0.3,10.3,16.0,34.2,-1.7,1.1204600000000002e-08
122,112.77,0.86,0.79,1.23e-08,111.7,-0.3,14.1,15.9,33.6,-1.7,1.08732e-08
123,112.67,0.86,0.79,1.25e-08,111.7,-0.4,15.3,15.8,31.7,-1.5,1.14375e-08
124,112.57,0.86,0.79,1.27e-08,111.7,-0.5,16.0,15.6,29.1,-1.5,1.19634e-08
125,112.47,0.86,0.79,1.291e-08,111.7,-0.6,17.7,15.5,26.4,-1.2,1.116715e-08
126,112.37,0.86,0.79,1.312e-08,111.7,-0.7,17.3,15.4,26.1,-0.4,1.048288e-08
127,112.27,0.86,0.79,1.333e-08,111.7,-0.8,19.4,15.2,29.6,-0.4,1.034408e-08
128,112.17,0.86,0.79,1.355e-08,111.7,-0.9,19.0,15.1,31.3,-1.0,1.0853550000000001e-08
129,112.07,0.86,0.79,1.377e-08,111.8,-1.0,18.7,15.0,32.2,-2.0,1.009341e-08
130,111.97,0.86,0.79,1.399e-08,111.8,-1.1,20.6,14.8,34.4,-2.5,1.028265e-08
131,111.87,0.86,0.79,1.422e-08,111.8,-1.1,20.0,14.7,35.7,-2.6,1.1134259999999999e-08
132,111.77,0.86,0.79,1.445e-08,111.8,-1.2,17.7,14.6,34.4,-2.3,1.156e-08
133,111.67,0.86,0.79,1.469e-08,111.8,-1.3,18.5,14.4,33.3,-2.6,1.166386e-08
134,111.57,0.86,0.79,1.492e-08,111.8,-1.4,20.7,14.3,33.7,-1.9,1.1980760000000001e-08
135,111.47,0.86,0.79,1.517e-08,111.8,-1.5,23.1,14.1,30.3,-1.5,1.186294e-08
136,111.37,0.86,0.79,1.541e-08,111.8,-1.6,23.0,14.0,28.0,-1.0,1.185029e-08
137,111.27,0.86,0.79,1.566e-08,111.9,-1.7,18.5,13.9,27.6,-0.9,1.24497e-08
138,111.17,0.86,0.79,1.592e-08,111.9,-1.8,20.3,13.7,27.1,-0.3,1.238576e-08
139,111.07,0.86,0.79,1.618e-08,111.9,-1.9,20.7,13.6,26.8,-0.1,1.260422e-08
140,110.97,0.86,0.79,1.644e-08,111.9,-1.9,18.5,13.5,30.4,0.2,1.228068e-08
141,110.87,0.86,0.79,1.671e-08,111.9,-2.0,17.0,13.3,28.5,0.1,1.2733019999999999e-08
142,110.77,0.86,0.79,1.698e-08,111.9,-2.1,18.0,13.2,26.1,0.4,1.276896e-08
143,110.67,0.86,0.79,1.726e-08,111.9,-2.2,17.0,13.1,30.5,0.1,1.30313e-08
144,110.57,0.86,0.79,1.754e-08,112.0,-2.3,17.1,12.9,30.0,0.2,1.29796e-08
145,110.47,0.86,0.79,1.783e-08,112.0,-2.4,14.4,12.8,29.4,0.2,1.2855430000000001e-08
146,110.37,0.86,0.79,1.812e-08,112.0,-2.5,13.4,12.6,29.2,0.5,1.382556e-08
147,110.27,0.86,0.79,1.841e-08,112.0,-2.6,17.3,12.5,28.8,0.9,1.4175700000000001e-08
148,110.17,0.86,0.79,1.871e-08,112.0,-2.7,16.3,12.4,26.8,0.8,1.4350570000000001e-08
149,110.07,0.86,0.79,1.902e-08,112.0,-2.8,17.4,12.2,26.8,0.7,1.346616e-08
150,109.97,0.86,0.79,1.933e-08,112.0,-2.8,16.2,12.1,24.3,0.7,1.3878939999999999e-08
151,109.87,0.86,0.79,1.964e-08,112.0,-2.9,12.9,12.0,29.7,1.0,1.3944399999999999e-08
152,109.77,0.86,0.79,1.996e-08,112.1,-3.0,12.8,11.8,26.8,1.2,1.504984e-08
153,109.67,0.86,0.79,2.028e-08,112.1,-3.1,12.9,11.7,24.8,0.8,1.547364e-08
154,109.57,0.86,0.79,2.062e-08,112.1,-3.2,12.4,11.6,23.1,1.4,1.60836e-08
155,109.47,0.86,0.79,2.095e-08,112.1,-3.3,16.7,11.4,19.5,0.8,1.770275e-08
156,109.37,0.86,0.79,2.129e-08,112.1,-3.4,17.2,11.3,21.2,0.8,1.72449e-08
157,109.27,0.86,0.79,2.164e-08,112.1,-3.5,18.2,11.2,18.3,0.7,1.912976e-08
158,109.17,0.86,0.79,2.199e-08,112.1,-3.6,19.6,11.0,20.1,0.2,1.897737e-08
159,109.07,0.86,0.79,2.235e-08,112.1,-3.6,17.1,10.9,20.9,-0.5,1.99362e-08
160,108.97,0.86,0.8,2.271e-08,112.2,-3.7,21.7,10.7,19.3,-0.8,2.025732e-08
161,108.87,0.86,0.8,2.308e-08,112.2,-3.8,16.9,10.6,18.0,-0.1,2.0956639999999998e-08
162,108.77,0.86,0.8,2.346e-08,112.2,-3.9,17.6,10.5,18.4,0.2,2.18178e-08
163,108.67,0.86,0.8,2.382e-08,112.3,-3.9,14.4,10.3,18.6,0.0,2.2033500000000003e-08
164,108.57,0.86,0.8,2.419e-08,112.3,-3.9,12.1,10.2,19.0,0.7,2.307726e-08
165,108.47,0.86,0.8,2.456e-08,112.4,-4.0,10.5,10.0,17.1,0.7,2.456e-08
166,108.37,0.86,0.8,2.494e-08,112.5,-4.0,6.3,9.9,17.4,0.1,2.449108e-08
167,108.27,0.86,0.8,2.533e-08,112.5,-4.0,4.8,9.8,17.8,0.3,2.568462e-08
168,108.17,0.86,0.8,2.572e-08,112.6,-4.0,2.1,9.6,16.3,0.9,2.62344e-08
169,108.07,0.86,0.8,2.612e-08,112.7,-4.0,1.1,9.5,17.2,0.6,2.640732e-08
170,107.97,0.86,0.8,2.652e-08,112.8,-4.0,-0.4,9.3,16.4,0.0,2.7023879999999996e-08
171,107.87,0.86,0.8,2.693e-08,112.8,-4.1,2.4,9.2,15.2,-0.1,2.8491940000000002e-08
172,107.77,0.86,0.8,2.735e-08,112.9,-4.1,-0.1,9.1,17.3,-0.1,2.710385e-08
173,107.67,0.86,0.8,2.777e-08,113.0,-4.1,-0.8,8.9,15.1,-0.3,2.746453e-08
174,107.57,0.86,0.8,2.82e-08,113.0,-4.1,-1.2,8.8,13.4,-0.3,3.0456000000000005e-08
175,107.47,0.86,0.8,2.864e-08,113.1,-4.1,-2.5,8.6,9.7,0.4,2.70648e-08
176,107.37,0.86,0.8,2.908e-08,113.2,-4.2,-5.4,8.5,9.8,0.1,2.867288e-08
177,107.27,0.86,0.8,2.953e-08,113.2,-4.2,-6.7,8.3,10.2,-0.0,2.994342e-08
178,107.17,0.86,0.8,2.998e-08,113.3,-4.2,-7.3,8.2,6.9,-0.4,3.024982e-08
179,107.07,0.86,0.8,3.045e-08,113.4,-4.2,-7.4,8.1,7.2,0.2,3.2886e-08
180,106.97,0.86,0.8,3.092e-08,113.5,-4.2,-6.9,7.9,7.6,0.8,3.630008e-08
181,106.87,0.86,0.8,3.14e-08,113.5,-4.2,-4.8,7.8,7.8,1.0,3.8119600000000005e-08
182,106.77,0.86,0.8,3.188e-08,113.6,-4.3,-8.7,7.6,8.2,0.7,3.71402e-08
183,106.67,0.86,0.8,3.238e-08,113.7,-4.3,-12.8,7.5,5.3,0.9,3.960074000000001e-08
184,106.57,0.86,0.8,3.288e-08,113.7,-4.3,-11.2,7.3,5.0,1.1,3.833808e-08
185,106.47,0.86,0.8,3.338e-08,113.8,-4.3,-13.9,7.2,2.1,1.0,3.8987839999999993e-08
186,106.37,0.86,0.8,3.39e-08,113.9,-4.3,-9.6,7.1,3.3,0.8,3.9323999999999995e-08
187,106.27,0.86,0.8,3.442e-08,114.0,-4.3,-13.2,6.9,3.3,1.1,4.274964e-08
188,106.17,0.86,0.8,3.496e-08,114.0,-4.4,-16.8,6.8,3.8,1.3,4.5203279999999994e-08
189,106.07,0.86,0.8,3.55e-08,114.1,-4.4,-16.4,6.6,3.4,1.1,4.4233e-08
190,105.97,0.86,0.8,3.605e-08,114.2,-4.4,-15.8,6.5,3.1,0.6,4.34042e-08
191,105.87,0.86,0.8,3.66e-08,114.2,-4.4,-16.7,6.4,4.4,0.2,4.1028599999999995e-08
192,105.77,0.86,0.8,3.717e-08,114.3,-4.4,-18.3,6.2,5.7,0.6,4.1779080000000005e-08
193,105.67,0.86,0.8,3.774e-08,114.4,-4.4,-18.3,6.1,7.9,0.8,4.45332e-08
194,105.57,0.86,0.8,3.833e-08,114.4,-4.5,-16.3,5.9,4.4,-0.0,4.430948e-08
195,105.47,0.86,0.8,3.892e-08,114.5,-4.5,-19.4,5.8,6.3,0.5,4.6976440000000005e-08
196,105.37,0.86,0.8,3.952e-08,114.6,-4.5,-18.3,5.6,8.1,0.7,4.560608e-08
197,105.27,0.86,0.8,4.013e-08,114.7,-4.5,-18.2,5.5,4.3,0.3,4.4785080000000006e-08
198,105.17,0.86,0.8,4.075e-08,114.7,-4.5,-15.0,5.4,1.0,0.6,4.6414249999999995e-08
199,105.07,0.86,0.8,4.138e-08,114.8,-4.6,-12.7,5.2,1.4,0.6,4.440074e-08
200,104.97,0.86,0.8,4.202e-08,114.9,-4.6,-12.4,5.1,1.1,1.5,4.491938e-08
201,104.87,0.86,0.8,4.267e-08,114.9,-4.6,-10.3,4.9,0.3,1.2,4.655297e-08
202,104.77,0.86,0.8,4.333e-08,115.0,-4.6,-11.8,4.8,0.7,0.9,4.579980999999999e-08
203,104.67,0.86,0.8,4.4e-08,115.1,-4.6,-10.9,4.6,0.8,0.8,4.9236e-08
204,104.57,0.86,0.8,4.468e-08,115.2,-4.6,-9.7,4.5,-0.9,1.4,5.1650079999999995e-08
205,104.47,0.86,0.8,4.538e-08,115.2,-4.7,-10.4,4.4,2.0,1.1,5.24139e-08
206,104.37,0.86,0.8,4.608e-08,115.3,-4.7,-8.6,4.2,1.0,0.8,5.294592e-08
207,104.27,0.86,0.8,4.679e-08,115.4,-4.7,-6.9,4.1,-1.8,1.2,5.3013069999999995e-08
208,104.17,0.86,0.8,4.751e-08,115.4,-4.7,-7.4,3.9,-3.9,1.9,5.197594e-08
209,104.07,0.86,0.8,4.825e-08,115.5,-4.7,-9.5,3.8,-3.7,1.8,5.650075e-08
210,103.97,0.86,0.8,4.9e-08,115.6,-4.7,-9.9,3.7,-1.5,1.3,6.0858e-08
211,103.87,0.86,0.8,4.975e-08,115.6,-4.8,-10.2,3.5,-0.3,1.4,6.004825e-08
212,103.77,0.86,0.8,5.052e-08,115.7,-4.8,-12.2,3.4,-2.4,1.5,5.946204e-08
213,103.67,0.86,0.8,5.128e-08,115.8,-4.8,-10.5,3.3,0.5,1.0,6.174112e-08
214,103.57,0.86,0.8,5.204e-08,115.9,-4.7,-11.8,3.1,2.9,1.1,6.156332e-08
215,103.47,0.86,0.8,5.282e-08,116.0,-4.7,-10.2,3.0,4.3,-0.0,6.364810000000001e-08
216,103.37,0.86,0.8,5.361e-08,116.1,-4.7,-10.6,2.9,2.1,-0.2,5.854212000000001e-08
217,103.27,0.86,0.8,5.441e-08,116.2,-4.7,-12.3,2.8,1.9,-0.0,6.14833e-08
218,103.17,0.86,0.8,5.522e-08,116.2,-4.6,-15.2,2.7,-0.9,0.5,6.090766e-08
219,103.07,0.86,0.8,5.605e-08,116.3,-4.6,-14.5,2.5,-2.2,0.5,6.081425e-08
220,102.97,0.86,0.8,5.688e-08,116.4,-4.6,-11.9,2.4,-5.6,0.4,6.484319999999999e-08
221,102.87,0.86,0.8,5.773e-08,116.5,-4.6,-14.0,2.3,-2.3,1.4,6.898735000000001e-08
222,102.77,0.86,0.8,5.86e-08,116.6,-4.6,-14.4,2.2,-4.9,1.2,6.80932e-08
223,102.67,0.86,0.8,5.947e-08,116.7,-4.5,-9.4,2.1,-3.6,0.7,7.059089000000001e-08
224,102.57,0.86,0.8,6.036e-08,116.8,-4.5,-13.3,2.0,-4.7,0.7,7.430316000000001e-08
225,102.47,0.86,0.8,6.126e-08,116.8,-4.5,-9.4,1.8,-6.3,0.9,7.749389999999999e-08
226,102.37,0.86,0.8,6.218e-08,116.9,-4.5,-6.0,1.7,-6.2,1.0,8.406736000000002e-08
227,102.27,0.86,0.8,6.311e-08,117.0,-4.5,-3.6,1.6,-6.7,1.1,8.475673e-08
228,102.17,0.86,0.8,6.405e-08,117.1,-4.4,-4.4,1.5,-4.7,1.2,8.396954999999999e-08
229,102.07,0.86,0.8,6.501e-08,117.2,-4.4,-4.7,1.4,-6.8,0.7,8.184758999999999e-08
230,101.97,0.86,0.8,6.598e-08,117.3,-4.4,-2.9,1.2,-6.3,0.5,8.102343999999999e-08
231,101.87,0.86,0.8,6.696e-08,117.4,-4.4,-2.6,1.1,-7.2,1.1,8.289648e-08
232,101.77,0.86,0.8,6.796e-08,117.4,-4.3,-2.2,1.0,-7.0,1.5,8.216364e-08
233,101.67,0.86,0.8,6.898e-08,117.5,-4.3,-3.9,0.9,-7.4,1.2,8.926012e-08
234,101.57,0.86,0.8,7.001e-08,117.6,-4.3,-5.4,0.8,-8.5,1.3,8.891270000000001e-08
235,101.47,0.86,0.8,7.106e-08,117.7,-4.3,-4.8,0.7,-11.3,1.1,8.77591e-08
236,101.37,0.86,0.8,7.212e-08,117.8,-4.3,-7.0,0.5,-9.7,1.9,8.676036e-08
237,101.27,0.86,0.8,7.32e-08,117.9,-4.2,-9.7,0.4,-11.2,1.7,9.08412e-08
238,101.17,0.86,0.8,7.429e-08,118.0,-4.2,-10.0,0.3,-9.7,1.6,9.419972e-08
239,101.07,0.86,0.8,7.54e-08,118.0,-4.2,-7.8,0.2,-12.3,1.3,9.81708e-08
240,100.97,0.86,0.8,7.653e-08,118.1,-4.2,-7.1,0.1,-11.7,1.6,1.0492263e-07
241,100.87,0.86,0.8,7.767e-08,118.2,-4.2,-7.4,-0.1,-11.5,1.9,1.0345643999999999e-07
242,100.77,0.86,0.8,7.883e-08,118.3,-4.1,-7.2,-0.2,-10.7,1.5,1.0586869e-07
243,100.67,0.86,0.8,8.001e-08,118.4,-4.1,-6.5,-0.3,-12.3,1.8,1.0337292e-07
244,100.57,0.86,0.8,8.121e-08,118.5,-4.1,-2.4,-0.4,-13.4,1.8,1.0045677000000001e-07
245,100.47,0.86,0.8,8.242e-08,118.6,-4.1,0.0,-0.5,-13.7,1.7,1.0574486e-07
246,100.37,0.86,0.8,8.365e-08,118.7,-4.0,1.7,-0.6,-13.6,1.8,1.0196935e-07
247,100.27,0.86,0.8,8.49e-08,118.7,-4.0,2.3,-0.8,-13.6,2.2,1.0604010000000001e-07
248,100.17,0.86,0.8,8.617e-08,118.8,-4.0,2.2,-0.9,-11.1,2.1,1.0866036999999999e-07
249,100.07,0.86,0.8,8.746e-08,118.9,-4.0,3.5,-1.0,-11.2,2.5,1.075758e-07
250,99.97,0.86,0.8,8.877e-08,119.0,-4.0,2.2,-1.1,-10.0,2.6,1.0634645999999999e-07
251,99.87,0.86,0.81,9.01e-08,119.1,-3.9,2.4,-1.2,-9.2,2.6,1.0802990000000002e-07
252,99.77,0.86,0.81,9.144e-08,119.2,-3.9,2.3,-1.4,-10.7,2.0,9.966960000000001e-08
253,99.67,0.86,0.81,9.281e-08,119.3,-3.9,0.8,-1.5,-8.8,2.1,1.0413282e-07
254,99.57,0.86,0.81,9.42e-08,119.3,-3.9,-2.3,-1.6,-7.6,2.4,1.027722e-07
255,99.47,0.86,0.81,9.561e-08,119.4,-3.9,-3.9,-1.7,-6.1,2.0,1.0765685999999998e-07
256,99.37,0.86,0.81,9.704e-08,119.5,-3.8,-3.8,-1.8,-8.6,1.6,1.1004336e-07
257,99.27,0.86,0.81,9.849e-08,119.6,-3.8,-6.1,-1.9,-9.4,1.3,1.0883145000000001e-07
258,99.17,0.86,0.81,9.996e-08,119.7,-3.8,-9.0,-2.1,-8.7,1.7,1.0585764e-07
259,99.07,0.86,0.81,1.015e-07,119.8,-3.8,-8.1,-2.2,-10.1,1.9,1.0738700000000001e-07
260,98.97,0.86,0.81,1.03e-07,119.9,-3.7,-10.2,-2.3,-9.1,2.1,1.07326e-07
261,98.87,0.86,0.81,1.045e-07,119.9,-3.7,-10.6,-2.4,-10.5,1.9,1.0763500000000001e-07
262,98.77,0.86,0.81,1.061e-07,120.0,-3.7,-10.7,-2.5,-12.2,2.1,1.176649e-07
263,98.67,0.86,0.81,1.076e-07,120.1,-3.7,-13.7,-2.6,-11.8,1.7,1.2223359999999999e-07
264,98.57,0.86,0.81,1.092e-07,120.2,-3.6,-13.0,-2.7,-15.4,1.7,1.220856e-07
265,98.47,0.86,0.81,1.108e-07,120.2,-3.6,-13.2,-2.8,-14.5,1.9,1.253148e-07
266,98.37,0.86,0.81,1.124e-07,120.3,-3.6,-13.4,-2.9,-16.5,1.3,1.252136e-07
267,98.27,0.86,0.81,1.14e-07,120.4,-3.5,-12.3,-3.0,-14.7,1.4,1.2939e-07
268,98.17,0.86,0.81,1.156e-07,120.5,-3.5,-11.9,-3.0,-15.2,1.4,1.287784e-07
269,98.07,0.86,0.81,1.173e-07,120.5,-3.5,-9.4,-3.1,-12.4,1.2,1.359507e-07
270,97.97,0.86,0.81,1.19e-07,120.6,-3.4,-8.9,-3.2,-11.0,1.0,1.43871e-07
271,97.87,0.86,0.81,1.207e-07,120.7,-3.4,-7.6,-3.3,-6.2,1.7,1.4484e-07
272,97.77,0.86,0.81,1.225e-07,120.7,-3.3,-7.2,-3.4,-3.8,1.9,1.402625e-07
273,97.67,0.86,0.81,1.243e-07,120.8,-3.3,-6.7,-3.5,-1.9,1.9,1.5164599999999998e-07
274,97.57,0.86,0.81,1.261e-07,120.9,-3.3,-7.5,-3.5,-3.5,1.5,1.5762499999999998e-07
275,97.47,0.86,0.81,1.279e-07,120.9,-3.2,-9.9,-3.6,-2.5,1.1,1.606424e-07
276,97.37,0.86,0.81,1.297e-07,121.0,-3.2,-7.9,-3.7,0.0,1.2,1.6614569999999998e-07
277,97.27,0.86,0.81,1.316e-07,121.1,-3.2,-8.8,-3.8,2.4,1.4,1.781864e-07
278,97.17,0.86,0.81,1.335e-07,121.2,-3.1,-12.1,-3.9,3.5,1.6,1.74885e-07
279,97.07,0.86,0.81,1.354e-07,121.2,-3.1,-10.5,-4.0,3.2,1.4,1.7412440000000003e-07
280,96.97,0.86,0.81,1.374e-07,121.3,-3.1,-9.0,-4.1,5.0,1.6,1.7710859999999998e-07
281,96.87,0.86,0.81,1.394e-07,121.4,-3.0,-10.5,-4.1,3.8,1.3,1.8122e-07
282,96.77,0.86,0.81,1.414e-07,121.4,-3.0,-11.1,-4.2,2.4,1.7,1.8155760000000002e-07
283,96.67,0.86,0.81,1.435e-07,121.5,-2.9,-9.9,-4.3,3.3,1.2,1.7908800000000002e-07
284,96.57,0.86,0.81,1.455e-07,121.6,-2.9,-10.7,-4.4,1.0,1.2,1.8012899999999998e-07
285,96.47,0.86,0.81,1.477e-07,121.7,-2.9,-12.8,-4.5,3.5,1.4,1.7472910000000002e-07
286,96.37,0.86,0.81,1.498e-07,121.7,-2.8,-13.3,-4.6,4.0,2.0,1.784118e-07
287,96.27,0.86,0.81,1.52e-07,121.8,-2.8,-10.6,-4.6,5.8,2.1,1.7996800000000001e-07
288,96.17,0.86,0.81,1.542e-07,121.9,-2.8,-10.4,-4.7,5.5,2.4,1.83498e-07
289,96.07,0.86,0.81,1.564e-07,121.9,-2.7,-7.7,-4.8,4.6,2.5,1.90808e-07
290,95.97,0.86,0.81,1.587e-07,122.0,-2.7,-7.6,-4.9,2.9,2.4,2.029773e-07
291,95.87,0.86,0.81,1.61e-07,122.1,-2.7,-6.7,-5.0,3.6,2.6,2.1815499999999998e-07
292,95.77,0.86,0.81,1.633e-07,122.1,-2.6,-10.5,-5.1,3.5,2.6,2.292732e-07
293,95.67,0.86,0.81,1.657e-07,122.2,-2.6,-11.7,-5.2,4.6,1.9,2.2634620000000002e-07
294,95.57,0.86,0.81,1.681e-07,122.3,-2.5,-10.8,-5.2,6.6,2.0,2.3399519999999998e-07
295,95.47,0.86,0.81,1.705e-07,122.4,-2.5,-13.3,-5.3,3.8,2.1,2.337555e-07
296,95.37,0.86,0.81,1.73e-07,122.4,-2.5,-15.6,-5.4,7.1,2.1,2.40989e-07
297,95.27,0.86,0.81,1.755e-07,122.5,-2.4,-14.9,-5.5,9.1,2.0,2.3745150000000001e-07
298,95.17,0.86,0.81,1.78e-07,122.6,-2.4,-10.0,-5.6,11.0,2.3,2.4136800000000005e-07
299,95.07,0.86,0.81,1.806e-07,122.6,-2.4,-8.8,-5.7,10.5,1.9,2.44713e-07
300,94.97,0.86,0.81,1.832e-07,122.7,-2.3,-9.5,-5.7,7.6,1.8,2.44572e-07
301,94.87,0.86,0.81,1.859e-07,122.8,-2.3,-9.3,-5.8,9.4,1.6,2.6100359999999995e-07
302,94.77,0.86,0.81,1.886e-07,122.8,-2.3,-10.8,-5.9,9.5,1.7,2.727156e-07
303,94.67,0.86,0.81,1.913e-07,122.9,-2.2,-10.6,-6.0,8.4,1.3,2.789154e-07
304,94.57,0.86,0.81,1.941e-07,123.0,-2.2,-12.0,-6.1,10.1,1.5,2.777571e-07
305,94.47,0.86,0.81,1.969e-07,123.1,-2.1,-12.0,-6.2,9.1,1.6,2.823546e-07
306,94.37,0.86,0.81,1.997e-07,123.1,-2.1,-11.4,-6.3,11.0,1.7,2.733893e-07
307,94.27,0.86,0.81,2.026e-07,123.2,-2.1,-9.6,-6.3,10.1,2.2,2.696606e-07
308,94.17,0.86,0.81,2.056e-07,123.3,-2.0,-8.6,-6.4,12.8,2.1,2.8742879999999996e-07
309,94.07,0.86,0.81,2.085e-07,123.3,-2.0,-5.0,-6.5,12.8,1.8,3.01074e-07
310,93.97,0.86,0.81,2.116e-07,123.4,-2.0,-7.1,-6.6,8.2,1.8,2.865064e-07
311,93.87,0.86,0.81,2.146e-07,123.5,-1.9,-8.5,-6.7,9.2,2.2,2.8606179999999997e-07
312,93.77,0.86,0.81,2.177e-07,123.6,-1.9,-11.1,-6.8,8.7,1.7,2.838808e-07
313,93.67,0.86,0.81,2.214e-07,123.6,-1.9,-11.5,-6.8,9.7,1.4,2.915838e-07
314,93.57,0.86,0.81,2.252e-07,123.7,-1.8,-9.4,-6.8,8.4,1.4,2.794732e-07
315,93.47,0.86,0.81,2.29e-07,123.7,-1.8,-10.9,-6.9,7.0,1.8,2.85334e-07
316,93.37,0.86,0.81,2.329e-07,123.8,-1.8,-11.2,-6.9,7.9,1.5,2.9555009999999996e-07
317,93.27,0.86,0.81,2.369e-07,123.8,-1.7,-10.0,-6.9,9.6,1.5,3.046534e-07
318,93.17,0.86,0.81,2.409e-07,123.9,-1.7,-9.1,-6.9,10.3,1.3,3.0666569999999995e-07
319,93.07,0.86,0.81,2.45e-07,124.0,-1.7,-11.3,-7.0,7.8,0.9,3.04535e-07
320,92.97,0.86,0.81,2.491e-07,124.0,-1.6,-10.8,-7.0,8.0,1.2,3.0066369999999997e-07
321,92.87,0.86,0.81,2.534e-07,124.1,-1.6,-10.0,-7.0,10.8,1.7,3.023062e-07
322,92.77,0.86,0.81,2.577e-07,124.1,-1.6,-12.3,-7.1,14.5,2.0,3.125901e-07
323,92.67,0.86,0.81,2.62e-07,124.2,-1.6,-13.4,-7.1,10.1,2.0,3.16758e-07
324,92.57,0.86,0.81,2.665e-07,124.3,-1.5,-11.8,-7.1,11.6,2.0,3.41653e-07
325,92.47,0.86,0.81,2.71e-07,124.3,-1.5,-12.5,-7.2,13.3,1.4,3.50132e-07
326,92.37,0.86,0.81,2.756e-07,124.4,-1.5,-11.5,-7.2,15.1,1.6,3.552484e-07
327,92.27,0.86,0.81,2.803e-07,124.4,-1.4,-11.1,-7.2,15.8,1.8,3.571022e-07
328,92.17,0.86,0.81,2.851e-07,124.5,-1.4,-13.9,-7.3,16.3,2.1,3.729108e-07
329,92.07,0.86,0.81,2.899e-07,124.5,-1.4,-13.6,-7.3,13.6,2.4,3.6179520000000003e-07
330,91.97,0.86,0.81,2.949e-07,124.6,-1.3,-13.8,-7.3,16.8,2.7,3.4798199999999997e-07
331,91.87,0.86,0.81,2.999e-07,124.7,-1.3,-15.3,-7.3,15.7,2.8,3.637787e-07
332,91.77,0.86,0.81,3.05e-07,124.7,-1.3,-18.0,-7.4,16.7,2.7,3.6416999999999996e-07
333,91.67,0.86,0.81,3.101e-07,124.8,-1.2,-17.7,-7.4,14.2,2.8,3.7677150000000005e-07
334,91.57,0.86,0.81,3.154e-07,124.8,-1.2,-18.5,-7.4,14.5,3.0,3.7690299999999997e-07
335,91.47,0.86,0.81,3.208e-07,124.9,-1.2,-22.6,-7.5,14.7,2.9,4.0741600000000003e-07
336,91.37,0.86,0.81,3.262e-07,125.0,-1.1,-20.9,-7.5,17.5,2.9,4.2047179999999997e-07
337,91.27,0.86,0.81,3.318e-07,125.0,-1.1,-26.3,-7.5,16.7,3.2,4.127592e-07
338,91.17,0.86,0.81,3.374e-07,125.1,-1.1,-25.0,-7.6,17.5,2.6,4.180386e-07
339,91.07,0.86,0.81,3.431e-07,125.1,-1.1,-25.0,-7.6,16.0,2.4,3.990253e-07
340,90.97,0.86,0.81,3.49e-07,125.2,-1.0,-26.2,-7.6,15.4,2.0,3.887860000000001e-07
341,90.87,0.86,0.81,3.549e-07,125.2,-1.0,-28.9,-7.7,15.1,2.5,3.93939e-07
342,90.77,0.86,0.82,3.609e-07,125.3,-1.0,-31.6,-7.7,17.7,2.4,3.8616300000000004e-07
343,90.67,0.86,0.82,3.671e-07,125.4,-0.9,-30.5,-7.7,14.5,2.6,3.946325e-07
344,90.57,0.86,0.82,3.733e-07,125.4,-0.9,-28.6,-7.8,14.6,2.3,4.3153479999999994e-07
345,90.47,0.86,0.82,3.796e-07,125.5,-0.9,-28.1,-7.8,15.4,2.1,4.3919719999999997e-07
346,90.37,0.86,0.82,3.861e-07,125.5,-0.8,-29.3,-7.8,14.5,2.2,4.4555939999999997e-07
347,90.27,0.86,0.82,3.927e-07,125.6,-0.8,-24.8,-7.8,14.9,2.1,4.3864590000000003e-07
348,90.17,0.86,0.82,3.993e-07,125.7,-0.8,-24.4,-7.9,15.8,1.7,4.3923e-07
349,90.07,0.86,0.82,4.061e-07,125.7,-0.7,-21.9,-7.9,15.4,2.0,4.333087e-07
350,89.97,0.86,0.82,4.13e-07,125.8,-0.7,-22.0,-7.9,13.6,2.3,4.36954e-07
351,89.87,0.86,0.82,4.2e-07,125.8,-0.7,-17.0,-8.0,16.2,2.5,4.3596e-07
352,89.77,0.86,0.82,4.272e-07,125.9,-0.7,-15.1,-8.0,19.2,2.4,4.5624960000000006e-07
353,89.67,0.86,0.82,4.344e-07,125.9,-0.6,-17.7,-8.0,21.7,2.6,4.404816e-07
354,89.57,0.86,0.82,4.418e-07,126.0,-0.6,-15.2,-8.1,21.7,3.0,4.5991379999999996e-07
355,89.47,0.86,0.82,4.493e-07,126.1,-0.6,-13.1,-8.1,23.8,3.0,4.865919e-07
356,89.37,0.86,0.82,4.57e-07,126.1,-0.5,-12.6,-8.1,24.8,3.3,4.7253799999999997e-07
357,89.27,0.86,0.82,4.647e-07,126.2,-0.5,-15.4,-8.2,24.8,2.8,5.055936e-07
358,89.17,0.86,0.82,4.726e-07,126.2,-0.5,-12.9,-8.2,22.8,2.7,4.7496299999999994e-07
359,89.07,0.86,0.82,4.807e-07,126.3,-0.4,-12.2,-8.2,20.7,2.5,4.686825e-07
360,88.97,0.86,0.82,4.888e-07,126.4,-0.4,-12.9,-8.2,22.7,2.6,4.516512e-07
361,88.87,0.86,0.82,4.972e-07,126.4,-0.4,-13.1,-8.3,24.7,2.2,4.519548e-07
362,88.77,0.86,0.82,5.056e-07,126.5,-0.3,-14.9,-8.3,24.0,2.1,4.545344e-07
363,88.67,0.86,0.82,5.182e-07,126.6,-0.3,-17.3,-8.3,23.2,2.5,4.943627999999999e-07
364,88.57,0.86,0.82,5.312e-07,126.6,-0.3,-17.6,-8.3,23.8,3.0,4.982656e-07
365,88.47,0.86,0.82,5.445e-07,126.7,-0.3,-18.3,-8.3,24.8,3.0,4.829715e-07
366,88.37,0.86,0.82,5.582e-07,126.8,-0.3,-20.2,-8.3,29.0,3.5,5.085202e-07
367,88.27,0.86,0.82,5.722e-07,126.9,-0.3,-16.9,-8.3,27.0,3.6,5.086858e-07
368,88.17,0.86,0.82,5.865e-07,127.0,-0.3,-18.3,-8.2,28.1,3.3,5.31369e-07
369,88.07,0.86,0.82,6.013e-07,127.1,-0.3,-18.0,-8.2,28.9,3.3,5.507908e-07
370,87.97,0.86,0.82,6.164e-07,127.2,-0.3,-19.4,-8.2,31.8,3.7,5.658552000000001e-07
371,87.87,0.86,0.82,6.318e-07,127.3,-0.3,-18.7,-8.2,29.9,4.3,5.837832000000001e-07
372,87.77,0.86,0.82,6.477e-07,127.3,-0.3,-18.5,-8.2,27.3,3.9,5.868161999999999e-07
373,87.67,0.86,0.82,6.639e-07,127.4,-0.3,-17.8,-8.2,26.0,3.8,5.975100000000001e-07
374,87.57,0.86,0.82,6.806e-07,127.5,-0.3,-15.3,-8.2,26.5,3.9,6.1254e-07
375,87.47,0.86,0.82,6.977e-07,127.6,-0.3,-12.7,-8.2,24.5,3.7,5.888588e-07
376,87.37,0.86,0.82,7.152e-07,127.7,-0.3,-12.4,-8.1,24.7,3.2,6.107808000000001e-07
377,87.27,0.86,0.82,7.331e-07,127.8,-0.3,-10.7,-8.1,25.9,3.1,6.114054e-07
378,87.17,0.86,0.82,7.515e-07,127.9,-0.3,-13.1,-8.1,27.4,3.6,6.966405000000001e-07
379,87.07,0.86,0.82,7.704e-07,128.0,-0.3,-17.0,-8.1,24.3,3.6,7.16472e-07
380,86.97,0.86,0.82,7.897e-07,128.1,-0.3,-16.8,-8.1,25.3,3.4,7.407386e-07
381,86.87,0.86,0.82,8.096e-07,128.1,-0.3,-15.7,-8.1,24.3,2.6,7.739776e-07
382,86.77,0.86,0.82,8.299e-07,128.2,-0.3,-15.3,-8.1,20.7,2.8,7.502296e-07
383,86.67,0.86,0.82,8.507e-07,128.3,-0.3,-14.4,-8.1,17.5,2.8,7.630779e-07
384,86.57,0.86,0.82,8.721e-07,128.4,-0.3,-14.4,-8.1,19.8,2.6,8.241345e-07
385,86.47,0.86,0.82,8.939e-07,128.5,-0.3,-13.8,-8.0,18.8,2.8,8.384782e-07
386,86.37,0.86,0.82,9.164e-07,128.6,-0.3,-15.2,-8.0,17.6,3.0,8.52252e-07
387,86.27,0.86,0.82,9.394e-07,128.7,-0.3,-17.7,-8.0,15.9,2.9,8.78339e-07
388,86.17,0.86,0.82,9.63e-07,128.8,-0.3,-15.1,-8.0,16.2,2.7,9.109979999999999e-07
389,86.07,0.86,0.82,9.871e-07,128.8,-0.3,-14.6,-8.0,16.0,2.6,9.653838e-07
390,85.97,0.86,0.82,1.012e-06,128.9,-0.3,-16.2,-8.0,16.3,2.7,9.90748e-07
391,85.87,0.86,0.82,1.037e-06,129.0,-0.3,-18.0,-8.0,16.8,2.2,9.9552e-07
392,85.77,0.86,0.82,1.063e-06,129.1,-0.3,-20.5,-8.0,16.9,2.1,1.021543e-06
393,85.67,0.86,0.82,1.09e-06,129.2,-0.3,-21.1,-8.0,16.5,1.8,1.0354999999999999e-06
394,85.57,0.86,0.82,1.117e-06,129.3,-0.3,-20.6,-7.9,19.0,1.2,1.047746e-06
395,85.47,0.86,0.82,1.145e-06,129.4,-0.3,-19.4,-7.9,18.0,0.9,1.114085e-06
396,85.37,0.86,0.82,1.174e-06,129.5,-0.3,-19.0,-7.9,17.1,1.2,1.100038e-06
397,85.27,0.86,0.82,1.204e-06,129.5,-0.3,-15.1,-7.9,11.5,1.2,1.13778e-06
398,85.17,0.86,0.82,1.234e-06,129.6,-0.3,-12.4,-7.9,13.4,0.9,1.14145e-06
399,85.07,0.86,0.82,1.265e-06,129.7,-0.3,-10.7,-7.9,11.9,1.0,1.215665e-06
400,84.97,0.86,0.82,1.297e-06,129.8,-0.3,-11.6,-7.9,10.8,0.3,1.287921e-06
401,84.87,0.86,0.82,1.329e-06,129.9,-0.3,-11.9,-7.9,11.1,0.3,1.2838139999999999e-06
402,84.77,0.86,0.82,1.363e-06,130.0,-0.3,-9.7,-7.9,12.6,0.3,1.3480069999999998e-06
403,84.67,0.86,0.82,1.397e-06,130.1,-0.3,-10.7,-7.8,10.7,-0.1,1.3676629999999999e-06
404,84.57,0.86,0.82,1.432e-06,130.2,-0.3,-12.6,-7.8,10.6,-0.3,1.433432e-06
405,84.47,0.86,0.82,1.468e-06,130.2,-0.3,-14.9,-7.8,10.2,-0.2,1.440108e-06
406,84.37,0.86,0.82,1.505e-06,130.3,-0.3,-12.9,-7.8,12.8,-0.2,1.45383e-06
407,84.27,0.86,0.82,1.543e-06,130.4,-0.3,-11.0,-7.8,10.0,-0.5,1.487452e-06
408,84.17,0.86,0.82,1.581e-06,130.5,-0.3,-10.2,-7.8,9.0,-0.4,1.511436e-06
409,84.07,0.86,0.82,1.621e-06,130.6,-0.3,-8.6,-7.8,8.8,-0.8,1.554539e-06
410,83.97,0.86,0.82,1.662e-06,130.7,-0.3,-8.9,-7.8,10.0,-0.5,1.6919159999999999e-06
411,83.87,0.86,0.82,1.703e-06,130.8,-0.3,-10.0,-7.8,8.3,-1.1,1.663831e-06
412,83.77,0.86,0.82,1.746e-06,130.9,-0.3,-11.4,-7.7,4.3,-0.7,1.66743e-06
413,83.67,0.86,0.82,1.766e-06,130.7,0.0,-11.7,-7.4,3.3,-1.1,1.6759339999999998e-06
414,83.57,0.86,0.82,1.785e-06,130.6,0.4,-6.0,-7.0,2.4,-0.9,1.68147e-06
415,83.47,0.86,0.82,1.804e-06,130.4,0.8,-5.9,-6.7,4.9,-0.9,1.683132e-06
416,83.37,0.86,0.82,1.824e-06,130.3,1.1,-4.7,-6.3,5.6,-1.3,1.721856e-06
417,83.27,0.86,0.82,1.843e-06,130.1,1.5,-5.1,-5.9,4.8,-1.5,1.798768e-06
418,83.17,0.86,0.82,1.863e-06,130.0,1.8,-3.5,-5.5,4.7,-1.2,1.822014e-06
419,83.07,0.86,0.82,1.883e-06,129.9,2.2,-3.5,-5.2,5.9,-1.1,1.898064e-06
420,82.97,0.86,0.82,1.904e-06,129.7,2.5,-3.9,-4.8,7.9,-1.4,1.888768e-06
421,82.87,0.86,0.82,1.924e-06,129.6,2.9,-2.4,-4.4,7.4,-1.3,1.8662800000000001e-06
422,82.77,0.86,0.82,1.945e-06,129.4,3.2,-3.4,-4.1,6.0,-0.8,1.896375e-06
423,82.67,0.86,0.82,1.966e-06,129.3,3.6,-4.4,-3.7,6.6,-0.6,1.912918e-06
424,82.57,0.86,0.82,1.987e-06,129.1,3.9,-3.6,-3.3,6.7,-0.2,1.996935e-06
425,82.47,0.86,0.82,2.009e-06,129.0,4.3,-4.8,-3.0,8.5,-0.5,2.002973e-06
426,82.37,0.86,0.82,2.031e-06,128.8,4.6,-0.2,-2.6,5.8,-0.4,2.031e-06
427,82.27,0.86,0.82,2.052e-06,128.7,5.0,0.2,-2.2,6.2,0.0,2.086884e-06
428,82.17,0.86,0.82,2.075e-06,128.6,5.4,2.7,-1.9,5.5,0.3,2.068775e-06
429,82.07,0.86,0.82,2.097e-06,128.4,5.7,4.5,-1.5,10.4,-0.0,2.084418e-06
430,81.97,0.86,0.82,2.12e-06,128.3,6.1,6.2,-1.1,11.8,-0.4,2.2217600000000002e-06
431,81.87,0.86,0.82,2.143e-06,128.1,6.4,3.5,-0.8,9.7,-0.4,2.226577e-06
432,81.77,0.86,0.82,2.166e-06,128.0,6.8,3.1,-0.4,10.3,-1.1,2.2743000000000004e-06
433,81.67,0.86,0.83,2.189e-06,127.8,7.1,4.4,-0.0,12.0,-1.4,2.305017e-06
434,81.57,0.86,0.83,2.213e-06,127.7,7.5,4.8,0.3,12.2,-1.6,2.3347149999999996e-06
435,81.47,0.86,0.83,2.237e-06,127.5,7.8,7.0,0.7,14.0,-1.2,2.447278e-06
436,81.37,0.86,0.83,2.261e-06,127.4,8.2,10.2,1.1,13.6,-1.0,2.4373580000000003e-06
437,81.27,0.86,0.83,2.286e-06,127.3,8.5,10.5,1.4,10.7,-1.0,2.4117299999999997e-06
438,81.17,0.86,0.83,2.311e-06,127.1,8.9,9.9,1.8,11.5,-1.4,2.431172e-06
439,81.07,0.86,0.83,2.336e-06,127.0,9.3,10.2,2.2,8.4,-1.3,2.5135360000000003e-06
440,80.97,0.86,0.83,2.361e-06,126.8,9.6,11.7,2.5,6.5,-0.3,2.5286309999999996e-06
441,80.87,0.86,0.83,2.387e-06,126.7,10.0,12.7,2.9,8.4,-0.1,2.4824800000000002e-06
442,80.77,0.86,0.83,2.412e-06,126.5,10.3,12.9,3.3,6.5,-0.3,2.4481799999999996e-06
443,80.67,0.86,0.83,2.439e-06,126.4,10.7,16.5,3.6,7.8,-0.1,2.4609509999999995e-06
444,80.57,0.86,0.83,2.465e-06,126.2,11.0,18.4,4.0,9.3,0.2,2.53895e-06
445,80.47,0.86,0.83,2.492e-06,126.1,11.4,19.8,4.4,8.8,0.3,2.5543e-06
446,80.37,0.86,0.83,2.519e-06,126.0,11.7,18.2,4.7,9.6,0.3,2.559304e-06
447,80.27,0.86,0.83,2.546e-06,125.8,12.1,21.7,5.1,10.5,0.2,2.5129019999999997e-06
448,80.17,0.86,0.83,2.574e-06,125.7,12.4,21.1,5.5,13.0,-0.2,2.574e-06
449,80.07,0.86,0.83,2.602e-06,125.5,12.8,24.4,5.8,15.1,-0.3,2.518736e-06
450,79.97,0.86,0.83,2.63e-06,125.4,13.1,22.6,6.2,14.9,-0.2,2.6536699999999997e-06
451,79.87,0.86,0.83,2.659e-06,125.2,13.5,24.9,6.6,15.6,-0.3,2.640387e-06
452,79.77,0.86,0.83,2.687e-06,125.1,13.9,26.5,6.9,15.5,-0.5,2.6977479999999997e-06
453,79.67,0.86,0.83,2.717e-06,124.9,14.2,29.4,7.3,16.4,-0.3,2.678962e-06
454,79.57,0.86,0.83,2.746e-06,124.8,14.6,31.1,7.7,15.5,-0.5,2.726778e-06
455,79.47,0.86,0.83,2.776e-06,124.6,14.9,29.8,8.0,14.7,-0.7,2.7315840000000002e-06
456,79.37,0.86,0.83,2.806e-06,124.5,15.3,28.2,8.4,13.7,-0.7,2.83406e-06
457,79.27,0.86,0.83,2.837e-06,124.4,15.6,29.0,8.8,15.3,-1.1,2.890903e-06
458,79.17,0.86,0.83,2.868e-06,124.2,16.0,30.3,9.1,18.8,-1.6,2.9396999999999996e-06
459,79.07,0.86,0.83,2.899e-06,124.1,16.3,31.9,9.5,20.3,-1.0,2.959879e-06
460,78.97,0.86,0.83,2.93e-06,123.9,16.7,34.0,9.9,23.8,-0.8,3.0677099999999997e-06
461,78.87,0.86,0.83,2.962e-06,123.8,17.0,34.2,10.2,24.7,-0.1,3.000506e-06
462,78.77,0.86,0.83,2.994e-06,123.6,17.4,33.8,10.6,25.0,-0.4,3.05388e-06
463,78.67,0.86,0.83,3.027e-06,123.5,17.8,31.3,11.0,29.4,-0.2,2.987649e-06
464,78.57,0.86,0.83,3.06e-06,123.3,18.1,32.0,11.3,28.8,-0.1,3.1732199999999997e-06
465,78.47,0.86,0.83,3.093e-06,123.2,18.5,31.6,11.7,28.7,-0.0,3.142488e-06
466,78.37,0.86,0.83,3.127e-06,123.1,18.8,31.8,12.1,29.8,-0.2,3.2114289999999996e-06
467,78.27,0.86,0.83,3.161e-06,122.9,19.2,31.7,12.4,28.6,-0.2,3.161e-06
468,78.17,0.86,0.83,3.195e-06,122.8,19.5,30.9,12.8,30.1,0.2,3.0160799999999997e-06
469,78.07,0.86,0.83,3.23e-06,122.6,19.9,30.9,13.2,30.2,-0.0,3.17509e-06
470,77.97,0.86,0.83,3.265e-06,122.5,20.2,29.3,13.5,31.4,0.3,3.248675e-06
471,77.87,0.86,0.83,3.301e-06,122.3,20.6,30.3,13.9,31.3,0.6,3.2382809999999997e-06
472,77.77,0.86,0.83,3.337e-06,122.2,20.9,32.7,14.3,30.1,0.9,3.280271e-06
473,77.67,0.86,0.83,3.373e-06,122.0,21.3,31.0,14.6,32.5,0.8,3.379746e-06
474,77.57,0.86,0.83,3.41e-06,121.9,21.6,31.7,15.0,34.6,0.5,3.5464e-06
475,77.47,0.86,0.83,3.447e-06,121.8,22.0,29.7,15.4,36.0,0.7,3.6813960000000003e-06
476,77.37,0.86,0.83,3.485e-06,121.6,22.4,29.5,15.7,35.5,1.0,3.7289500000000005e-06
477,77.27,0.86,0.83,3.523e-06,121.5,22.7,30.3,16.1,36.7,1.0,3.66392e-06
478,77.17,0.86,0.83,3.561e-06,121.3,23.1,28.2,16.5,35.5,0.5,3.5930489999999996e-06
479,77.07,0.86,0.83,3.6e-06,121.2,23.4,26.4,16.8,36.2,0.4,3.7835999999999997e-06
480,76.97,0.86,0.83,3.639e-06,121.0,23.8,24.9,17.2,35.1,0.5,3.7881989999999993e-06
481,76.87,0.86,0.83,3.679e-06,120.9,24.1,25.6,17.6,37.5,0.7,3.7010739999999997e-06
482,76.77,0.86,0.83,3.719e-06,120.7,24.5,25.6,17.9,39.4,0.7,3.8119749999999996e-06
483,76.67,0.86,0.83,3.76e-06,120.6,24.8,25.5,18.3,40.9,0.2,3.66224e-06
484,76.57,0.86,0.83,3.801e-06,120.5,25.2,24.6,18.7,40.1,-0.2,3.76299e-06
485,76.47,0.86,0.83,3.842e-06,120.3,25.5,24.2,19.0,39.7,-0.3,3.895788e-06
486,76.37,0.86,0.83,3.884e-06,120.2,25.9,24.2,19.4,40.7,-0.4,3.907304000000001e-06
487,76.27,0.86,0.83,3.927e-06,120.0,26.3,25.4,19.8,41.5,-0.7,3.958416e-06
488,76.17,0.86,0.83,3.97e-06,119.9,26.6,27.0,20.1,40.8,-0.5,3.91442e-06
489,76.07,0.86,0.83,4.013e-06,119.7,27.0,29.6,20.5,41.3,-0.5,3.964844e-06
490,75.97,0.86,0.83,4.057e-06,119.6,27.3,32.8,20.9,42.5,-0.5,4.166539e-06
491,75.87,0.86,0.83,4.101e-06,119.4,27.7,34.0,21.2,39.4,-0.3,4.22403e-06
492,75.77,0.86,0.83,4.146e-06,119.3,28.0,34.0,21.6,40.5,-0.1,4.378176e-06
493,75.67,0.86,0.83,4.191e-06,119.2,28.4,37.8,22.0,41.0,0.3,4.597527e-06
494,75.57,0.86,0.83,4.237e-06,119.0,28.7,38.4,22.3,39.6,0.3,4.724255e-06
495,75.47,0.86,0.83,4.283e-06,118.9,29.1,37.4,22.7,40.6,0.2,4.771262000000001e-06
496,75.37,0.86,0.83,4.33e-06,118.7,29.4,38.0,23.1,41.8,0.1,4.82362e-06
497,75.27,0.86,0.83,4.378e-06,118.6,29.8,37.9,23.4,42.0,-0.2,4.872714e-06
498,75.17,0.86,0.83,4.426e-06,118.4,30.1,36.9,23.8,41.7,-0.3,4.811062e-06
499,75.07,0.86,0.83,4.474e-06,118.3,30.5,34.2,24.2,42.3,-0.3,4.7200699999999995e-06
500,74.97,0.86,0.83,4.941e-06,118.2,30.6,34.6,24.3,43.2,-0.1,5.108994e-06
501,74.87,0.86,0.83,5.022e-06,118.3,30.0,35.7,24.0,43.5,-0.1,5.077242e-06
502,74.77,0.86,0.83,5.103e-06,118.4,29.4,34.4,23.7,43.7,0.1,5.317326e-06
503,74.67,0.86,0.83,5.186e-06,118.4,28.8,32.1,23.3,40.5,0.5,5.346766e-06
504,74.57,0.86,0.83,5.27e-06,118.5,28.2,31.9,23.0,40.0,0.5,5.33851e-06
505,74.47,0.86,0.83,5.356e-06,118.6,27.6,30.9,22.6,41.6,0.2,5.227456e-06
506,74.37,0.86,0.83,5.443e-06,118.6,27.1,28.4,22.3,39.7,-0.5,5.22528e-06
507,74.27,0.86,0.83,5.532e-06,118.7,26.5,25.9,21.9,39.8,-0.0,5.4102959999999996e-06
508,74.17,0.86,0.83,5.622e-06,118.8,25.9,26.0,21.6,43.1,0.5,5.5489139999999995e-06
509,74.07,0.86,0.83,5.713e-06,118.9,25.3,25.7,21.2,43.0,0.4,5.747278e-06
510,73.97,0.86,0.83,5.806e-06,118.9,24.7,27.3,20.9,40.2,0.7,5.8582539999999995e-06
511,73.87,0.86,0.83,5.9e-06,119.0,24.1,26.0,20.6,42.0,0.3,5.8410000000000005e-06
512,73.77,0.86,0.83,5.996e-06,119.1,23.5,24.2,20.2,38.8,0.2,5.894068e-06
513,73.67,0.86,0.83,6.094e-06,119.2,22.9,24.8,19.9,37.2,-0.1,5.880709999999999e-06
514,73.57,0.86,0.83,6.193e-06,119.2,22.3,25.4,19.5,39.3,-0.3,6.025789e-06
515,73.47,0.86,0.83,6.294e-06,119.3,21.7,23.0,19.2,39.5,-0.5,6.243648e-06
516,73.37,0.86,0.83,6.396e-06,119.4,21.1,24.5,18.8,37.7,-0.5,6.223308e-06
517,73.27,0.86,0.83,6.5e-06,119.5,20.5,22.5,18.5,38.3,-0.9,6.142499999999999e-06
518,73.17,0.86,0.83,6.606e-06,119.5,19.9,21.9,18.2,36.9,-0.8,6.057702e-06
519,73.07,0.86,0.83,6.713e-06,119.6,19.4,22.9,17.8,34.2,-1.0,6.014848e-06
520,72.97,0.86,0.83,6.822e-06,119.7,18.8,21.6,17.5,30.3,-1.0,5.880564e-06
521,72.87,0.86,0.83,6.933e-06,119.8,18.2,22.9,17.1,30.5,-1.4,6.0871740000000005e-06
522,72.77,0.86,0.83,7.046e-06,119.8,17.6,23.3,16.8,28.5,-1.5,6.404814e-06
523,72.67,0.86,0.83,7.161e-06,119.9,17.0,22.8,16.4,29.6,-1.3,6.502188e-06
524,72.57,0.86,0.84,7.277e-06,120.0,16.4,21.6,16.1,26.7,-1.4,6.927704e-06
525,72.47,0.86,0.84,7.395e-06,120.1,15.8,21.8,15.7,25.8,-1.5,7.121385e-06
526,72.37,0.86,0.84,7.516e-06,120.1,15.2,18.8,15.4,24.8,-1.4,7.1928119999999995e-06
527,72.27,0.86,0.84,7.638e-06,120.2,14.6,17.1,15.1,22.5,-1.1,7.309566e-06
528,72.17,0.86,0.84,7.762e-06,120.3,14.0,15.7,14.7,24.1,-0.9,7.404948e-06
529,72.07,0.86,0.84,7.888e-06,120.4,13.4,16.7,14.4,24.3,-0.3,7.548815999999999e-06
530,71.97,0.86,0.84,8.017e-06,120.4,12.8,17.7,14.0,22.2,-0.2,7.535979999999999e-06
531,71.87,0.86,0.84,8.147e-06,120.5,12.2,17.1,13.7,21.0,0.1,7.707062e-06
532,71.77,0.86,0.84,8.28e-06,120.6,11.6,17.6,13.3,18.5,0.8,7.80804e-06
533,71.67,0.86,0.84,8.414e-06,120.7,11.1,15.7,13.0,20.9,0.9,8.001713999999998e-06
534,71.57,0.86,0.84,8.551e-06,120.7,10.5,16.4,12.7,23.0,0.4,8.354327e-06
535,71.47,0.86,0.84,8.69e-06,120.8,9.9,17.9,12.3,24.5,0.2,8.42061e-06
536,71.37,0.86,0.84,8.832e-06,120.9,9.3,18.7,12.0,23.4,-0.3,8.21376e-06
537,71.27,0.86,0.84,8.975e-06,121.0,8.7,16.7,11.6,20.5,-0.4,8.544199999999999e-06
538,71.17,0.86,0.84,9.121e-06,121.0,8.1,16.6,11.3,19.8,-0.0,8.692312999999999e-06
539,71.07,0.86,0.84,9.27e-06,121.1,7.5,15.8,10.9,19.8,-0.4,8.8992e-06
540,70.97,0.86,0.84,9.421e-06,121.2,6.9,14.0,10.6,20.3,0.1,9.13837e-06
541,70.87,0.86,0.84,9.574e-06,121.3,6.3,13.1,10.2,18.6,0.5,8.769784e-06
542,70.77,0.86,0.84,9.73e-06,121.3,5.7,11.8,9.9,18.1,-0.1,8.82511e-06
543,70.67,0.86,0.84,9.888e-06,121.4,5.1,13.2,9.6,16.3,-0.1,8.869535999999999e-06
544,70.57,0.86,0.84,1.005e-05,121.5,4.5,13.3,9.2,14.5,0.0,8.89425e-06
545,70.47,0.86,0.84,1.021e-05,121.6,3.9,12.3,8.9,15.7,0.3,9.321730000000001e-06
546,70.37,0.86,0.84,1.038e-05,121.6,3.4,11.3,8.5,15.3,0.4,9.632640000000001e-06
547,70.27,0.86,0.84,1.055e-05,121.7,2.8,10.9,8.2,14.8,0.3,9.7904e-06
548,70.17,0.86,0.84,1.072e-05,121.8,2.2,7.8,7.8,13.6,0.2,1.008752e-05
549,70.07,0.86,0.84,1.089e-05,121.8,1.6,8.6,7.5,11.7,0.3,1.0127700000000001e-05
550,69.97,0.86,0.84,9.23e-06,122.0,1.0,7.8,7.2,10.5,0.3,8.98079e-06
551,69.87,0.86,0.84,9.291e-06,122.4,0.3,5.7,7.1,11.3,0.3,8.947233e-06
552,69.77,0.86,0.84,9.353e-06,122.8,-0.3,4.5,7.0,9.9,0.6,9.081763e-06
553,69.67,0.86,0.84,9.416e-06,123.2,-0.9,4.4,6.9,7.8,1.0,9.463079999999998e-06
554,69.57,0.86,0.84,9.479e-06,123.6,-1.5,4.2,6.8,9.4,1.0,9.365252e-06
555,69.47,0.86,0.84,9.542e-06,124.0,-2.2,3.6,6.7,7.3,1.3,9.045816e-06
556,69.37,0.86,0.84,9.606e-06,124.4,-2.8,3.6,6.5,7.3,0.9,9.087276e-06
557,69.27,0.86,0.84,9.671e-06,124.8,-3.4,5.9,6.4,7.3,1.0,9.177779e-06
558,69.17,0.86,0.84,9.736e-06,125.2,-4.1,7.4,6.3,6.5,0.6,9.268672e-06
559,69.07,0.86,0.84,9.801e-06,125.6,-4.7,6.0,6.2,7.0,0.8,9.193338e-06
560,68.97,0.86,0.84,9.867e-06,126.0,-5.3,7.3,6.1,6.8,1.3,9.27498e-06
561,68.87,0.86,0.84,9.934e-06,126.4,-5.9,4.6,6.0,6.9,1.0,9.198884e-06
562,68.77,0.86,0.84,1e-05,126.8,-6.6,2.8,5.9,7.8,0.5,9.100000000000001e-06
563,68.67,0.86,0.84,1.007e-05,127.2,-7.2,1.7,5.8,6.3,0.8,9.11335e-06
564,68.57,0.86,0.84,1.014e-05,127.6,-7.8,1.9,5.7,6.7,0.5,9.36936e-06
565,68.47,0.86,0.84,1.021e-05,128.0,-8.4,-1.0,5.5,6.3,0.7,9.58719e-06
566,68.37,0.86,0.84,1.028e-05,128.4,-9.1,-2.3,5.4,4.9,0.6,9.69404e-06
567,68.27,0.86,0.84,1.035e-05,128.8,-9.7,-3.7,5.3,5.2,0.3,9.842849999999998e-06
568,68.17,0.86,0.84,1.042e-05,129.2,-10.3,-3.0,5.2,3.5,0.5,9.899e-06
569,68.07,0.86,0.84,1.049e-05,129.6,-11.0,-5.3,5.1,2.9,0.5,1.008089e-05
570,67.97,0.86,0.84,1.056e-05,130.0,-11.6,-5.1,5.0,3.8,0.6,1.01376e-05
571,67.87,0.86,0.84,1.063e-05,130.4,-12.2,-4.8,4.9,3.4,0.7,1.028984e-05
572,67.77,0.86,0.84,1.07e-05,130.7,-12.8,-6.4,4.8,4.1,1.2,1.04753e-05
573,67.67,0.86,0.84,1.078e-05,131.1,-13.5,-5.4,4.7,5.1,1.0,1.049972e-05
574,67.57,0.86,0.84,1.085e-05,131.5,-14.1,-4.1,4.5,5.1,1.1,1.03509e-05
575,67.47,0.86,0.84,1.093e-05,131.9,-14.7,-5.0,4.4,5.3,0.6,1.032885e-05
576,67.37,0.86,0.84,1.1e-05,132.3,-15.4,-4.6,4.3,6.1,0.7,1.0328999999999999e-05
577,67.27,0.86,0.84,1.108e-05,132.7,-16.0,-5.6,4.2,6.6,0.6,1.0127120000000001e-05
578,67.17,0.86,0.84,1.115e-05,133.1,-16.6,-7.5,4.1,6.6,0.7,1.05033e-05
579,67.07,0.86,0.84,1.123e-05,133.5,-17.2,-9.6,4.0,7.5,0.9,1.0814489999999999e-05
580,66.97,0.86,0.84,1.131e-05,133.9,-17.9,-11.8,3.9,9.4,1.0,1.099332e-05
581,66.87,0.86,0.84,1.139e-05,134.3,-18.5,-13.1,3.8,10.6,0.9,1.105969e-05
582,66.77,0.86,0.84,1.147e-05,134.7,-19.1,-15.7,3.7,11.4,0.9,1.10112e-05
583,66.67,0.86,0.84,1.155e-05,135.1,-19.7,-15.8,3.5,12.1,0.6,1.1238149999999998e-05
584,66.57,0.86,0.84,1.163e-05,135.5,-20.4,-17.0,3.4,12.1,1.0,1.13974e-05
585,66.47,0.86,0.84,1.171e-05,135.9,-21.0,-17.1,3.3,12.9,0.9,1.1323569999999999e-05
586,66.37,0.86,0.84,1.179e-05,136.3,-21.6,-15.3,3.2,13.4,0.9,1.136556e-05
587,66.27,0.86,0.84,1.187e-05,136.7,-22.3,-15.3,3.1,13.5,0.9,1.1395199999999999e-05
588,66.17,0.86,0.84,1.196e-05,137.1,-22.9,-15.1,3.0,13.4,0.8,1.1649040000000001e-05
589,66.07,0.86,0.84,1.204e-05,137.5,-23.5,-16.0,2.9,12.4,1.0,1.19798e-05
590,65.97,0.86,0.84,1.212e-05,137.9,-24.1,-16.4,2.8,12.2,1.2,1.2216959999999999e-05
591,65.87,0.86,0.84,1.221e-05,138.3,-24.8,-17.2,2.7,12.4,1.2,1.192917e-05
592,65.77,0.86,0.84,1.23e-05,138.7,-25.4,-16.7,2.5,10.8,1.3,1.18941e-05
593,65.67,0.86,0.84,1.238e-05,139.1,-26.0,-15.1,2.4,9.2,1.0,1.16991e-05
594,65.57,0.86,0.84,1.247e-05,139.5,-26.7,-17.1,2.3,8.8,0.9,1.1734269999999998e-05
595,65.47,0.86,0.84,1.256e-05,139.9,-27.3,-18.7,2.2,7.6,1.1,1.1731040000000001e-05
596,65.37,0.86,0.84,1.265e-05,140.3,-27.9,-18.4,2.1,8.2,1.0,1.19416e-05
597,65.27,0.86,0.84,1.274e-05,140.7,-28.5,-16.9,2.0,9.3,0.9,1.196286e-05
598,65.17,0.86,0.84,1.283e-05,141.1,-29.2,-18.2,1.9,9.9,0.5,1.1752280000000001e-05
599,65.07,0.86,0.84,1.292e-05,141.5,-29.8,-19.0,1.8,10.6,0.2,1.202852e-05
600,64.97,0.86,0.84,1.288e-05,141.8,-30.2,-20.4,1.5,10.7,0.5,1.199128e-05
601,64.87,0.86,0.84,1.296e-05,142.0,-30.0,-21.4,0.6,11.0,0.4,1.200096e-05
602,64.77,0.86,0.84,1.303e-05,142.3,-29.8,-22.5,-0.3,10.7,0.4,1.201366e-05
603,64.67,0.86,0.84,1.311e-05,142.5,-29.6,-20.6,-1.2,10.5,0.2,1.215297e-05
604,64.57,0.86,0.84,1.319e-05,142.7,-29.4,-21.6,-2.1,9.3,-0.0,1.259645e-05
605,64.47,0.86,0.84,1.327e-05,142.9,-29.2,-22.1,-3.0,7.6,0.3,1.2553419999999999e-05
606,64.37,0.86,0.84,1.334e-05,143.1,-29.1,-21.1,-3.9,8.1,0.2,1.30065e-05
607,64.27,0.86,0.84,1.342e-05,143.3,-28.9,-21.7,-4.8,7.3,0.1,1.307108e-05
608,64.17,0.86,0.84,1.35e-05,143.5,-28.7,-22.1,-5.7,5.6,0.2,1.3392e-05
609,64.07,0.86,0.84,1.358e-05,143.7,-28.5,-22.0,-6.6,5.6,-0.0,1.3797280000000001e-05
610,63.97,0.86,0.84,1.366e-05,144.0,-28.3,-22.4,-7.5,4.8,-0.3,1.385124e-05
611,63.87,0.86,0.84,1.374e-05,144.2,-28.1,-25.7,-8.4,3.5,-0.1,1.384992e-05
612,63.77,0.86,0.84,1.382e-05,144.4,-27.9,-24.7,-9.3,2.1,0.3,1.426224e-05
613,63.67,0.86,0.84,1.39e-05,144.6,-27.7,-25.1,-10.2,2.2,0.3,1.3997299999999999e-05
614,63.57,0.86,0.85,1.398e-05,144.8,-27.5,-25.0,-11.1,1.9,0.3,1.406388e-05
615,63.47,0.86,0.85,1.407e-05,145.0,-27.3,-25.6,-12.0,3.1,0.2,1.459059e-05
616,63.37,0.86,0.85,1.415e-05,145.2,-27.1,-25.3,-12.9,1.9,0.1,1.481505e-05
617,63.27,0.86,0.85,1.423e-05,145.4,-26.9,-26.4,-13.8,1.0,0.4,1.5098029999999999e-05
618,63.17,0.86,0.85,1.432e-05,145.7,-26.7,-25.6,-14.7,-0.9,0.2,1.4620719999999998e-05
619,63.07,0.86,0.85,1.44e-05,145.9,-26.6,-27.1,-15.6,-4.4,-0.1,1.4976e-05
620,62.97,0.86,0.85,1.449e-05,146.1,-26.4,-26.6,-16.5,-5.1,-0.5,1.5127560000000001e-05
621,62.87,0.86,0.85,1.457e-05,146.3,-26.2,-29.4,-17.4,-6.6,-0.8,1.457e-05
622,62.77,0.86,0.85,1.466e-05,146.5,-26.0,-30.7,-18.3,-7.7,-0.5,1.454272e-05
623,62.67,0.86,0.85,1.475e-05,146.7,-25.8,-30.7,-19.2,-9.6,-0.4,1.46615e-05
624,62.57,0.86,0.85,1.483e-05,146.9,-25.6,-31.0,-20.1,-10.6,-0.3,1.5052449999999998e-05
625,62.47,0.86,0.85,1.492e-05,147.2,-25.4,-31.9,-21.0,-11.7,-0.2,1.4994599999999999e-05
626,62.37,0.86,0.85,1.501e-05,147.4,-25.2,-30.2,-21.9,-11.3,-0.2,1.494996e-05
627,62.27,0.86,0.85,1.51e-05,147.6,-25.0,-27.6,-22.7,-14.2,-0.4,1.4873499999999999e-05
628,62.17,0.86,0.85,1.519e-05,147.8,-24.8,-27.5,-23.6,-18.2,-1.0,1.505329e-05
629,62.07,0.86,0.85,1.528e-05,148.0,-24.6,-24.5,-24.5,-20.4,-1.5,1.531056e-05
630,61.97,0.86,0.85,1.537e-05,148.2,-24.4,-23.5,-25.4,-23.6,-1.7,1.510871e-05
631,61.87,0.86,0.85,1.546e-05,148.4,-24.3,-22.1,-26.3,-23.4,-1.2,1.528994e-05
632,61.77,0.86,0.85,1.555e-05,148.6,-24.1,-22.7,-27.2,-23.5,-1.6,1.537895e-05
633,61.67,0.86,0.85,1.564e-05,148.9,-23.9,-21.4,-28.1,-25.7,-1.3,1.543668e-05
634,61.57,0.86,0.85,1.573e-05,149.1,-23.7,-21.7,-29.0,-26.8,-1.1,1.550978e-05
635,61.47,0.86,0.85,1.583e-05,149.3,-23.5,-22.9,-29.9,-28.5,-1.2,1.549757e-05
636,61.37,0.86,0.85,1.592e-05,149.5,-23.3,-21.6,-30.8,-31.5,-1.1,1.577672e-05
637,61.27,0.86,0.85,1.602e-05,149.7,-23.1,-21.0,-31.7,-33.6,-0.7,1.602e-05
638,61.17,0.86,0.85,1.611e-05,149.9,-22.9,-22.2,-32.6,-33.0,-0.6,1.641609e-05
639,61.07,0.86,0.85,1.621e-05,150.1,-22.7,-22.5,-33.5,-34.9,-0.4,1.676114e-05
640,60.97,0.86,0.85,1.63e-05,150.4,-22.5,-20.9,-34.4,-36.8,-0.4,1.67564e-05
641,60.87,0.86,0.85,1.64e-05,150.6,-22.3,-21.6,-35.3,-36.8,-0.4,1.6924799999999998e-05
642,60.77,0.86,0.85,1.65e-05,150.8,-22.1,-21.0,-36.2,-35.9,-0.5,1.6698000000000002e-05
643,60.67,0.86,0.85,1.66e-05,151.0,-22.0,-19.5,-37.1,-36.0,-0.9,1.72142e-05
644,60.57,0.86,0.85,1.67e-05,151.2,-21.8,-19.5,-38.0,-39.1,-0.9,1.70006e-05
645,60.47,0.86,0.85,1.68e-05,151.4,-21.6,-19.4,-38.9,-38.5,-1.4,1.74384e-05
646,60.37,0.86,0.85,1.69e-05,151.6,-21.4,-17.6,-39.8,-38.8,-1.3,1.7339400000000002e-05
647,60.27,0.86,0.85,1.7e-05,151.8,-21.2,-16.7,-40.7,-37.3,-1.1,1.7374e-05
648,60.17,0.86,0.85,1.71e-05,152.1,-21.0,-14.2,-41.6,-39.5,-1.1,1.73394e-05
649,60.07,0.86,0.85,1.72e-05,152.3,-20.8,-15.3,-42.5,-41.7,-0.9,1.73032e-05
650,59.97,0.86,0.85,1.733e-05,152.4,-20.4,-15.9,-43.0,-43.9,-0.5,1.7087379999999997e-05
651,59.87,0.86,0.85,1.753e-05,152.2,-19.6,-15.0,-42.7,-44.5,-0.6,1.7056689999999998e-05
652,59.77,0.86,0.85,1.774e-05,152.1,-18.8,-13.0,-42.5,-45.0,-0.6,1.710136e-05
653,59.67,0.86,0.85,1.795e-05,151.9,-18.0,-12.2,-42.2,-45.5,-0.3,1.7267899999999998e-05
654,59.57,0.86,0.85,1.816e-05,151.8,-17.2,-11.7,-41.9,-47.7,-0.4,1.7560719999999997e-05
655,59.47,0.86,0.85,1.837e-05,151.6,-16.4,-9.6,-41.6,-48.2,-0.7,1.7433129999999996e-05
656,59.37,0.86,0.85,1.859e-05,151.5,-15.6,-8.1,-41.3,-45.3,-0.6,1.740024e-05
657,59.27,0.86,0.85,1.881e-05,151.3,-14.8,-8.7,-41.0,-44.3,-0.2,1.775664e-05
658,59.17,0.86,0.85,1.903e-05,151.2,-14.0,-9.8,-40.7,-44.0,-0.2,1.7850139999999996e-05
659,59.07,0.86,0.85,1.925e-05,151.0,-13.2,-8.9,-40.4,-43.7,0.1,1.826825e-05
660,58.97,0.86,0.85,1.948e-05,150.8,-12.4,-7.5,-40.1,-44.3,0.2,1.842808e-05
661,58.87,0.86,0.85,1.971e-05,150.7,-11.6,-7.5,-39.8,-42.9,0.4,1.87245e-05
662,58.77,0.86,0.85,1.994e-05,150.5,-10.8,-8.3,-39.5,-44.2,0.8,1.9242099999999997e-05
663,58.67,0.86,0.85,2.017e-05,150.4,-10.0,-9.0,-39.2,-45.9,0.9,1.9000139999999997e-05
664,58.57,0.86,0.85,2.041e-05,150.2,-9.2,-8.3,-38.9,-46.2,0.7,1.961401e-05
665,58.47,0.86,0.85,2.065e-05,150.1,-8.4,-5.6,-38.6,-43.2,0.3,1.992725e-05
666,58.37,0.86,0.85,2.089e-05,149.9,-7.6,-4.6,-38.3,-43.7,0.4,2.036775e-05
667,58.27,0.86,0.85,2.114e-05,149.8,-6.8,-5.2,-38.0,-41.6,0.5,2.001958e-05
668,58.17,0.86,0.85,2.139e-05,149.6,-5.9,-5.0,-37.7,-41.5,-0.0,2.029911e-05
669,58.07,0.86,0.85,2.164e-05,149.4,-5.1,-4.3,-37.4,-39.6,-0.0,2.0687839999999998e-05
670,57.97,0.86,0.85,2.189e-05,149.3,-4.3,-4.1,-37.1,-37.1,0.1,2.0729829999999998e-05
671,57.87,0.86,0.85,2.215e-05,149.1,-3.5,-1.5,-36.8,-36.4,0.1,2.062165e-05
672,57.77,0.86,0.85,2.241e-05,149.0,-2.7,-1.4,-36.5,-37.0,0.1,2.0863710000000002e-05
673,57.67,0.86,0.85,2.268e-05,148.8,-1.9,-0.2,-36.2,-37.8,0.3,2.0616120000000002e-05
674,57.57,0.86,0.85,2.294e-05,148.7,-1.1,2.3,-35.9,-38.0,0.0,2.073776e-05
675,57.47,0.86,0.85,2.321e-05,148.5,-0.3,3.5,-35.6,-38.8,-0.1,2.072653e-05
676,57.37,0.86,0.85,2.349e-05,148.4,0.5,4.4,-35.3,-37.2,-0.2,2.16108e-05
677,57.27,0.86,0.85,2.376e-05,148.2,1.3,5.9,-35.0,-36.4,-0.7,2.171664e-05
678,57.17,0.86,0.85,2.404e-05,148.1,2.1,7.6,-34.7,-35.7,-0.8,2.228508e-05
679,57.07,0.86,0.85,2.433e-05,147.9,2.9,6.6,-34.4,-36.9,-1.0,2.206731e-05
680,56.97,0.86,0.85,2.461e-05,147.7,3.7,5.7,-34.1,-36.4,-0.9,2.229666e-05
681,56.87,0.86,0.85,2.49e-05,147.6,4.5,6.7,-33.8,-35.4,-1.1,2.22108e-05
682,56.77,0.86,0.85,2.52e-05,147.4,5.3,7.7,-33.5,-36.0,-1.0,2.20248e-05
683,56.67,0.86,0.85,2.549e-05,147.3,6.1,10.2,-33.2,-34.6,-1.1,2.2584140000000002e-05
684,56.57,0.86,0.85,2.58e-05,147.1,6.9,11.6,-32.9,-32.7,-0.8,2.26782e-05
685,56.47,0.86,0.85,2.61e-05,147.0,7.7,12.0,-32.6,-32.0,-0.6,2.20023e-05
686,56.37,0.86,0.85,2.641e-05,146.8,8.5,14.9,-32.3,-31.7,-0.8,2.215799e-05
687,56.27,0.86,0.85,2.672e-05,146.7,9.4,17.2,-32.0,-30.3,-0.8,2.260512e-05
688,56.17,0.86,0.85,2.703e-05,146.5,10.2,19.2,-31.7,-30.4,-0.4,2.267817e-05
689,56.07,0.86,0.85,2.735e-05,146.4,11.0,19.9,-31.4,-28.0,-0.9,2.332955e-05
690,55.97,0.86,0.85,2.768e-05,146.2,11.8,17.5,-31.1,-28.0,-1.0,2.3666399999999998e-05
691,55.87,0.86,0.85,2.8e-05,146.0,12.6,18.3,-30.8,-27.3,-1.0,2.4248e-05
692,55.77,0.86,0.85,2.833e-05,145.9,13.4,20.8,-30.6,-26.9,-0.7,2.461877e-05
693,55.67,0.86,0.85,2.867e-05,145.7,14.2,23.4,-30.3,-27.0,-0.6,2.500024e-05
694,55.57,0.86,0.85,2.9e-05,145.6,15.0,22.3,-30.0,-25.6,-0.8,2.4853e-05
695,55.47,0.86,0.85,2.935e-05,145.4,15.8,25.5,-29.7,-26.0,-1.1,2.5534499999999998e-05
696,55.37,0.86,0.85,2.969e-05,145.3,16.6,28.0,-29.4,-25.0,-0.9,2.603813e-05
697,55.27,0.86,0.85,3.004e-05,145.1,17.4,29.7,-29.1,-26.5,-1.0,2.6735600000000002e-05
698,55.17,0.86,0.85,3.04e-05,145.0,18.2,29.6,-28.8,-26.4,-0.6,2.68736e-05
699,55.07,0.86,0.85,3.076e-05,144.8,19.0,27.9,-28.5,-25.7,-0.9,2.7560959999999996e-05
700,54.97,0.86,0.85,3.114e-05,144.6,19.4,27.8,-28.1,-26.5,-1.2,2.8306259999999998e-05
701,54.87,0.86,0.85,3.161e-05,144.3,18.6,25.3,-27.6,-26.3,-0.9,2.8828319999999998e-05
702,54.77,0.86,0.85,3.208e-05,144.0,17.8,25.6,-27.0,-25.0,-0.7,2.9321119999999998e-05
703,54.67,0.86,0.85,3.255e-05,143.7,17.0,24.9,-26.4,-24.6,-0.8,2.971815e-05
704,54.57,0.86,0.85,3.304e-05,143.4,16.3,22.6,-25.9,-24.2,-0.5,3.0165520000000003e-05
705,54.47,0.86,0.86,3.353e-05,143.1,15.5,21.5,-25.3,-22.9,-0.4,3.044524e-05
706,54.37,0.86,0.86,3.403e-05,142.8,14.7,20.0,-24.8,-22.5,-0.5,3.110342e-05
707,54.27,0.86,0.86,3.453e-05,142.6,13.9,20.4,-24.2,-21.1,-0.3,3.197478e-05
708,54.17,0.86,0.86,3.504e-05,142.3,13.1,17.5,-23.7,-20.4,-0.5,3.241200000000001e-05
709,54.07,0.86,0.86,3.557e-05,142.0,12.3,18.1,-23.1,-21.3,-0.5,3.318681e-05
710,53.97,0.86,0.86,3.61e-05,141.7,11.5,18.6,-22.6,-19.9,-0.5,3.4295e-05
711,53.87,0.86,0.86,3.663e-05,141.4,10.7,18.4,-22.0,-20.6,-0.2,3.472524e-05
712,53.77,0.86,0.86,3.718e-05,141.1,9.9,16.6,-21.5,-18.6,-0.4,3.55069e-05
713,53.67,0.86,0.86,3.773e-05,140.8,9.2,14.0,-20.9,-16.7,-0.7,3.588123e-05
714,53.57,0.86,0.86,3.829e-05,140.5,8.4,13.8,-20.4,-17.5,-0.5,3.614576e-05
715,53.47,0.86,0.86,3.886e-05,140.2,7.6,12.8,-19.8,-17.1,-0.6,3.621752e-05
716,53.37,0.86,0.86,3.944e-05,139.9,6.8,13.2,-19.3,-17.4,-1.0,3.679752e-05
717,53.27,0.86,0.86,4.003e-05,139.6,6.0,11.2,-18.7,-17.4,-1.4,3.714784e-05
718,53.17,0.86,0.86,4.063e-05,139.3,5.2,11.2,-18.2,-17.3,-1.7,3.790779e-05
719,53.07,0.86,0.86,4.123e-05,139.0,4.4,10.2,-17.6,-16.7,-1.8,3.867374e-05
720,52.97,0.86,0.86,4.185e-05,138.7,3.6,10.6,-17.1,-15.5,-2.1,4.00923e-05
721,52.87,0.86,0.86,4.247e-05,138.4,2.9,10.7,-16.5,-14.1,-2.0,4.055885e-05
722,52.77,0.86,0.86,4.311e-05,138.1,2.1,10.0,-15.9,-14.9,-1.6,4.155804e-05
723,52.67,0.86,0.86,4.375e-05,137.8,1.3,8.7,-15.4,-13.7,-1.3,4.235e-05
724,52.57,0.86,0.86,4.441e-05,137.5,0.5,8.3,-14.8,-16.0,-0.9,4.312210999999999e-05
725,52.47,0.86,0.86,4.507e-05,137.2,-0.3,8.2,-14.3,-15.1,-0.7,4.349255e-05
726,52.37,0.86,0.86,4.574e-05,136.9,-1.1,6.6,-13.7,-14.6,-1.0,4.386466e-05
727,52.27,0.86,0.86,4.643e-05,136.6,-1.9,8.0,-13.2,-14.2,-1.2,4.499067e-05
728,52.17,0.86,0.86,4.712e-05,136.3,-2.7,7.0,-12.6,-14.3,-1.4,4.584776e-05
729,52.07,0.86,0.86,4.783e-05,136.0,-3.4,5.8,-12.1,-14.2,-1.4,4.73517e-05
730,51.97,0.86,0.86,4.855e-05,135.8,-4.2,5.8,-11.5,-13.9,-1.6,4.76761e-05
731,51.87,0.86,0.86,4.927e-05,135.5,-5.0,2.8,-11.0,-13.3,-1.7,4.867876e-05
732,51.77,0.86,0.86,5.001e-05,135.2,-5.8,4.4,-10.4,-14.4,-1.7,4.9459889999999996e-05
733,51.67,0.86,0.86,5.076e-05,134.9,-6.6,2.2,-9.9,-13.7,-1.6,4.89834e-05
734,51.57,0.86,0.86,5.152e-05,134.6,-7.4,2.1,-9.3,-12.5,-1.4,4.951072e-05
735,51.47,0.86,0.86,5.229e-05,134.3,-8.2,1.0,-8.8,-11.6,-1.2,5.004153e-05
736,51.37,0.86,0.86,5.308e-05,134.0,-9.0,0.9,-8.2,-8.8,-0.9,5.116912e-05
737,51.27,0.86,0.86,5.387e-05,133.7,-9.7,1.9,-7.7,-9.1,-1.1,5.182294e-05
738,51.17,0.86,0.86,5.468e-05,133.4,-10.5,2.2,-7.1,-8.7,-1.2,5.200068e-05
739,51.07,0.86,0.86,5.55e-05,133.1,-11.3,0.6,-6.6,-8.5,-1.1,5.2947e-05
740,50.97,0.86,0.86,5.634e-05,132.8,-12.1,1.0,-6.0,-8.9,-1.3,5.448078e-05
741,50.87,0.86,0.86,5.718e-05,132.5,-12.9,0.8,-5.4,-9.5,-1.3,5.5178699999999994e-05
742,50.77,0.86,0.86,5.804e-05,132.2,-13.7,0.6,-4.9,-10.2,-1.3,5.566036e-05
743,50.67,0.86,0.86,5.892e-05,131.9,-14.5,-1.5,-4.3,-8.8,-1.3,5.579724e-05
744,50.57,0.86,0.86,5.98e-05,131.6,-15.3,-4.0,-3.8,-7.7,-1.4,5.53748e-05
745,50.47,0.86,0.86,6.07e-05,131.3,-16.0,-3.1,-3.2,-6.7,-1.6,5.62689e-05
746,50.37,0.86,0.86,6.162e-05,131.0,-16.8,-3.9,-2.7,-5.2,-1.8,5.66904e-05
747,50.27,0.86,0.86,6.254e-05,130.7,-17.6,-6.8,-2.1,-5.2,-1.7,5.772442e-05
748,50.17,0.86,0.86,6.349e-05,130.4,-18.4,-6.1,-1.6,-3.7,-1.5,5.860127000000001e-05
749,50.07,0.86,0.86,6.444e-05,130.1,-19.2,-9.4,-1.0,-4.0,-1.4,5.9542560000000005e-05
750,49.97,0.86,0.86,6.539e-05,129.9,-19.9,-9.3,-0.5,-3.3,-1.3,6.0028019999999997e-05
751,49.87,0.86,0.86,6.631e-05,129.9,-20.5,-9.3,-0.2,-3.1,-1.2,6.0872579999999996e-05
752,49.77,0.86,0.86,6.723e-05,129.9,-21.0,-10.9,0.2,-2.5,-1.4,6.104484000000001e-05
753,49.67,0.86,0.86,6.817e-05,130.0,-21.6,-13.8,0.5,-2.8,-1.0,6.230738000000001e-05
754,49.57,0.86,0.86,6.912e-05,130.0,-22.1,-15.4,0.8,-1.6,-1.2,6.352128000000001e-05
755,49.47,0.86,0.86,7.009e-05,130.0,-22.7,-16.6,1.2,-2.4,-1.1,6.357163000000001e-05
756,49.37,0.86,0.86,7.107e-05,130.0,-23.2,-15.9,1.5,-0.5,-1.0,6.438942e-05
757,49.27,0.86,0.86,7.206e-05,130.0,-23.8,-15.1,1.9,0.2,-0.9,6.37731e-05
758,49.17,0.86,0.86,7.307e-05,130.0,-24.3,-16.0,2.2,1.1,-0.7,6.590914e-05
759,49.07,0.86,0.86,7.409e-05,130.0,-24.8,-15.2,2.6,2.2,-0.7,6.682918e-05
760,48.97,0.86,0.86,7.512e-05,130.0,-25.4,-14.5,2.9,2.0,-0.8,6.72324e-05
761,48.87,0.86,0.86,7.617e-05,130.1,-25.9,-17.7,3.2,0.8,-0.8,6.885768e-05
762,48.77,0.86,0.86,7.723e-05,130.1,-26.5,-20.7,3.6,1.3,-0.9,6.788517e-05
763,48.67,0.86,0.86,7.831e-05,130.1,-27.0,-23.8,3.9,3.3,-0.9,7.000914e-05
764,48.57,0.86,0.86,7.941e-05,130.1,-27.6,-25.1,4.3,4.0,-1.2,7.043667000000001e-05
765,48.47,0.86,0.86,8.052e-05,130.1,-28.1,-24.2,4.6,5.5,-1.3,7.20654e-05
766,48.37,0.86,0.86,8.164e-05,130.1,-28.7,-25.4,5.0,6.6,-1.3,7.38842e-05
767,48.27,0.86,0.86,8.278e-05,130.1,-29.2,-27.6,5.3,5.9,-1.6,7.524702000000001e-05
768,48.17,0.86,0.86,8.394e-05,130.1,-29.8,-25.9,5.6,7.1,-2.0,7.621752e-05
769,48.07,0.86,0.86,8.511e-05,130.2,-30.3,-25.0,6.0,6.9,-2.1,7.651389e-05
770,47.97,0.86,0.86,8.63e-05,130.2,-30.9,-25.1,6.3,6.4,-2.0,7.74974e-05
771,47.87,0.86,0.86,8.75e-05,130.2,-31.4,-26.3,6.7,6.1,-2.3,7.7875e-05
772,47.77,0.86,0.86,8.872e-05,130.2,-32.0,-26.0,7.0,6.2,-2.1,7.931568e-05
773,47.67,0.86,0.86,8.996e-05,130.2,-32.5,-23.8,7.4,7.0,-2.1,8.123388000000001e-05
774,47.57,0.86,0.86,9.122e-05,130.2,-33.0,-24.8,7.7,7.2,-2.3,8.273654e-05
775,47.47,0.86,0.86,9.249e-05,130.2,-33.6,-25.5,8.0,8.1,-1.9,8.592321000000001e-05
776,47.37,0.86,0.86,9.378e-05,130.2,-34.1,-25.6,8.4,7.1,-1.8,8.646516e-05
777,47.27,0.86,0.86,9.509e-05,130.3,-34.7,-26.0,8.7,8.2,-1.5,8.795825e-05
778,47.17,0.86,0.86,9.642e-05,130.3,-35.2,-27.1,9.1,8.5,-1.4,8.841714e-05
779,47.07,0.86,0.86,9.777e-05,130.3,-35.8,-26.7,9.4,7.1,-1.6,8.955731999999999e-05
780,46.97,0.86,0.86,9.913e-05,130.3,-36.3,-27.4,9.8,5.9,-1.6,9.129873e-05
781,46.87,0.86,0.86,0.0001005,130.3,-36.9,-28.8,10.1,6.2,-1.8,9.43695e-05
782,46.77,0.86,0.86,0.0001019,130.3,-37.4,-29.2,10.4,6.6,-1.7,9.38499e-05
783,46.67,0.86,0.86,0.0001033,130.3,-38.0,-29.7,10.8,8.5,-1.5,9.637890000000001e-05
784,46.57,0.86,0.86,0.0001048,130.3,-38.5,-30.8,11.1,8.0,-1.6,9.72544e-05
785,46.47,0.86,0.86,0.0001063,130.4,-39.1,-33.0,11.5,8.0,-1.2,9.80086e-05
786,46.37,0.86,0.86,0.0001077,130.4,-39.6,-35.8,11.8,9.3,-1.3,0.00010080720000000001
787,46.27,0.86,0.86,0.0001092,130.4,-40.2,-35.2,12.2,8.1,-1.3,0.00010232040000000001
788,46.17,0.86,0.86,0.0001108,130.4,-40.7,-36.3,12.5,9.0,-1.7,0.00010426279999999999
789,46.07,0.86,0.86,0.0001123,130.4,-41.3,-38.6,12.8,10.5,-1.5,0.0001054497
790,45.97,0.86,0.86,0.0001139,130.4,-41.8,-38.8,13.2,9.7,-1.1,0.00010672430000000001
791,45.87,0.86,0.86,0.0001155,130.4,-42.3,-41.0,13.5,9.9,-1.2,0.00010660650000000001
792,45.77,0.86,0.86,0.0001171,130.4,-42.9,-42.0,13.9,10.6,-1.2,0.0001084346
793,45.67,0.86,0.86,0.0001187,130.5,-43.4,-40.5,14.2,10.7,-1.0,0.0001088479
794,45.57,0.86,0.86,0.0001204,130.5,-44.0,-41.6,14.6,10.2,-1.3,0.00011028640000000001
795,45.47,0.86,0.86,0.0001221,130.5,-44.5,-41.4,14.9,10.5,-1.3,0.00011257620000000001
796,45.37,0.86,0.87,0.0001238,130.5,-45.1,-41.3,15.2,10.1,-1.2,0.0001129056
797,45.27,0.86,0.87,0.0001255,130.5,-45.6,-41.0,15.6,11.2,-1.2,0.00011307549999999999
798,45.17,0.86,0.87,0.0001272,130.5,-46.2,-42.8,15.9,11.0,-0.9,0.0001130808
799,45.07,0.86,0.87,0.000129,130.5,-46.7,-44.2,16.3,12.0,-1.3,0.000114423
800,44.97,0.86,0.87,0.0001308,130.6,-47.2,-46.9,16.5,12.6,-1.0,0.00011902800000000001
801,44.87,0.86,0.87,0.0001324,130.7,-47.3,-47.0,16.6,12.7,-1.2,0.00011889519999999999
802,44.77,0.86,0.87,0.0001341,130.9,-47.5,-48.6,16.6,13.8,-1.4,0.0001181421
803,44.67,0.86,0.87,0.0001359,131.1,-47.7,-47.0,16.6,15.5,-1.7,0.0001193202
804,44.57,0.86,0.87,0.0001376,131.2,-47.9,-46.0,16.6,15.8,-1.6,0.0001228768
805,44.47,0.86,0.87,0.0001393,131.4,-48.0,-46.9,16.6,16.2,-1.8,0.0001224447
806,44.37,0.86,0.87,0.0001411,131.5,-48.2,-48.2,16.6,15.6,-2.0,0.00012360359999999998
807,44.27,0.86,0.87,0.0001429,131.7,-48.4,-48.7,16.6,13.7,-2.0,0.0001254662
808,44.17,0.86,0.87,0.0001448,131.8,-48.5,-50.0,16.7,14.9,-1.9,0.0001264104
809,44.07,0.86,0.87,0.0001466,132.0,-48.7,-49.1,16.7,16.7,-2.2,0.00013003420000000002
810,43.97,0.86,0.87,0.0001485,132.1,-48.9,-49.8,16.7,15.9,-2.2,0.00013409550000000002
811,43.87,0.86,0.87,0.0001504,132.3,-49.0,-49.1,16.7,14.5,-2.7,0.0001367136
812,43.77,0.86,0.87,0.0001523,132.5,-49.2,-49.4,16.7,12.2,-2.5,0.0001393545
813,43.67,0.86,0.87,0.0001542,132.6,-49.4,-49.0,16.7,12.3,-2.5,0.00014016780000000002
814,43.57,0.86,0.87,0.0001562,132.8,-49.6,-49.7,16.8,11.5,-2.4,0.000143704
815,43.47,0.86,0.87,0.0001582,132.9,-49.7,-50.4,16.8,11.6,-2.4,0.0001430128
816,43.37,0.86,0.87,0.0001602,133.1,-49.9,-50.4,16.8,14.2,-2.3,0.00014418
817,43.27,0.86,0.87,0.0001623,133.2,-50.1,-50.6,16.8,14.9,-2.4,0.0001470438
818,43.17,0.86,0.87,0.0001644,133.4,-50.2,-51.8,16.8,16.4,-2.6,0.0001522344
819,43.07,0.86,0.87,0.0001665,133.6,-50.4,-53.4,16.8,16.1,-2.8,0.0001540125
820,42.97,0.86,0.87,0.0001686,133.7,-50.6,-53.0,16.9,15.2,-2.8,0.00015696660000000002
821,42.87,0.86,0.87,0.0001707,133.9,-50.8,-54.0,16.9,14.8,-3.0,0.00016011659999999998
822,42.77,0.86,0.87,0.0001729,134.0,-50.9,-54.6,16.9,14.1,-2.6,0.0001614886
823,42.67,0.86,0.87,0.0001751,134.2,-51.1,-53.8,16.9,13.7,-2.4,0.00016319320000000002
824,42.57,0.86,0.87,0.0001774,134.3,-51.3,-52.8,16.9,12.8,-2.6,0.000166756
825,42.47,0.86,0.87,0.0001797,134.5,-51.4,-54.4,16.9,14.7,-2.2,0.0001705353
826,42.37,0.86,0.87,0.0001819,134.6,-51.6,-53.5,17.0,15.8,-2.4,0.000170986
827,42.27,0.86,0.87,0.0001843,134.8,-51.8,-52.6,17.0,16.4,-2.4,0.000173242
828,42.17,0.86,0.87,0.0001866,135.0,-52.0,-54.5,17.0,17.4,-2.3,0.0001757772
829,42.07,0.86,0.87,0.000189,135.1,-52.1,-54.6,17.0,17.4,-2.2,0.00017955
830,41.97,0.86,0.87,0.0001914,135.3,-52.3,-53.2,17.0,17.2,-2.3,0.00018163859999999999
831,41.87,0.86,0.87,0.0001939,135.4,-52.5,-52.5,17.0,17.1,-2.3,0.00018381719999999998
832,41.77,0.86,0.87,0.0001964,135.6,-52.6,-53.8,17.1,17.7,-2.3,0.0001852052
833,41.67,0.86,0.87,0.0001989,135.7,-52.8,-55.6,17.1,18.9,-2.1,0.000186966
834,41.57,0.86,0.87,0.0002014,135.9,-53.0,-57.1,17.1,17.2,-1.8,0.000188309
835,41.47,0.86,0.87,0.000204,136.0,-53.2,-56.7,17.1,17.4,-2.2,0.00019094400000000002
836,41.37,0.86,0.87,0.0002066,136.2,-53.3,-56.2,17.1,17.7,-2.4,0.00019255120000000002
837,41.27,0.86,0.87,0.0002093,136.4,-53.5,-54.7,17.1,18.7,-2.4,0.0001961141
838,41.17,0.86,0.87,0.000212,136.5,-53.7,-54.0,17.2,19.4,-2.2,0.00019737200000000002
839,41.07,0.86,0.87,0.0002147,136.7,-53.8,-54.9,17.2,18.3,-1.9,0.0001994563
840,40.97,0.86,0.87,0.0002174,136.8,-54.0,-55.8,17.2,18.7,-2.5,0.0002008776
841,40.87,0.86,0.87,0.0002202,137.0,-54.2,-55.6,17.2,19.4,-2.9,0.00020082240000000002
842,40.77,0.86,0.87,0.0002231,137.1,-54.3,-55.5,17.2,18.9,-2.9,0.0002010131
843,40.67,0.86,0.87,0.0002259,137.3,-54.5,-55.7,17.2,19.0,-2.7,0.0002021805
844,40.57,0.86,0.87,0.0002288,137.5,-54.7,-55.8,17.3,19.4,-2.6,0.00020660640000000002
845,40.47,0.86,0.87,0.0002317,137.6,-54.9,-55.4,17.3,20.9,-2.5,0.0002094568
846,40.37,0.86,0.87,0.0002347,137.8,-55.0,-56.9,17.3,20.2,-2.5,0.00021381170000000003
847,40.27,0.86,0.87,0.0002377,137.9,-55.2,-57.8,17.3,19.0,-2.6,0.00021963480000000002
848,40.17,0.86,0.87,0.0002408,138.1,-55.4,-58.7,17.3,21.3,-2.3,0.0002208136
849,40.07,0.86,0.87,0.0002439,138.2,-55.5,-59.4,17.3,20.3,-2.3,0.0002256075
850,39.97,0.86,0.87,0.0002469,138.4,-55.7,-59.6,17.3,21.0,-2.3,0.0002276418
851,39.87,0.86,0.87,0.0002497,138.7,-55.7,-59.7,17.0,21.1,-2.5,0.000232221
852,39.77,0.86,0.87,0.0002526,139.0,-55.7,-59.5,16.7,20.7,-2.1,0.0002382018
853,39.67,0.86,0.87,0.0002554,139.2,-55.7,-59.2,16.5,20.5,-2.3,0.00024135299999999995
854,39.57,0.86,0.87,0.0002583,139.5,-55.7,-58.0,16.2,18.5,-2.2,0.00024357689999999997
855,39.47,0.86,0.87,0.0002613,139.8,-55.7,-57.3,16.0,19.2,-2.0,0.0002479737
856,39.37,0.86,0.87,0.0002643,140.1,-55.7,-58.9,15.7,19.1,-2.1,0.00025531379999999996
857,39.27,0.86,0.87,0.0002673,140.3,-55.7,-59.4,15.4,18.6,-1.8,0.000259281
858,39.17,0.86,0.87,0.0002703,140.6,-55.7,-60.8,15.2,19.7,-1.6,0.0002619207
859,39.07,0.86,0.87,0.0002734,140.9,-55.7,-62.7,14.9,20.2,-1.1,0.0002649246
860,38.97,0.86,0.87,0.0002765,141.1,-55.7,-61.9,14.7,20.4,-1.0,0.0002646105
861,38.87,0.86,0.87,0.0002797,141.4,-55.7,-61.3,14.4,21.8,-0.9,0.00026963080000000003
862,38.77,0.86,0.87,0.0002829,141.7,-55.8,-59.8,14.1,22.0,-1.1,0.0002729985
863,38.67,0.86,0.87,0.0002861,142.0,-55.8,-59.8,13.9,22.3,-1.0,0.0002783753
864,38.57,0.86,0.87,0.0002894,142.2,-55.8,-60.1,13.6,21.2,-1.0,0.0002830332
865,38.47,0.86,0.87,0.0002927,142.5,-55.8,-60.0,13.3,19.9,-0.9,0.0002836263
866,38.37,0.86,0.87,0.000296,142.8,-55.8,-58.6,13.1,19.3,-0.9,0.000285344
867,38.27,0.86,0.87,0.0002994,143.1,-55.8,-58.3,12.8,18.8,-0.9,0.0002931126
868,38.17,0.86,0.87,0.0003028,143.3,-55.8,-58.9,12.6,18.2,-0.7,0.0002964412
869,38.07,0.86,0.87,0.0003063,143.6,-55.8,-58.8,12.3,18.0,-0.8,0.0002998677
870,37.97,0.86,0.87,0.0003098,143.9,-55.8,-59.9,12.0,18.0,-0.9,0.0003057726
871,37.87,0.86,0.87,0.0003134,144.1,-55.8,-58.6,11.8,17.9,-0.7,0.00031089279999999995
872,37.77,0.86,0.87,0.000317,144.4,-55.8,-59.2,11.5,17.6,-0.8,0.000312245
873,37.67,0.86,0.87,0.0003206,144.7,-55.8,-57.5,11.2,16.1,-0.8,0.0003193176
874,37.57,0.86,0.87,0.0003243,145.0,-55.8,-56.6,11.0,17.2,-0.7,0.0003239757
875,37.47,0.86,0.87,0.000328,145.2,-55.8,-57.5,10.7,17.8,-0.6,0.000324064
876,37.37,0.86,0.87,0.0003318,145.5,-55.9,-57.8,10.5,16.4,-0.4,0.0003278184
877,37.27,0.86,0.87,0.0003356,145.8,-55.9,-58.2,10.2,15.7,-0.3,0.0003352644
878,37.17,0.86,0.87,0.0003394,146.1,-55.9,-57.7,9.9,14.9,-0.5,0.0003441516
879,37.07,0.86,0.87,0.0003433,146.3,-55.9,-58.6,9.7,13.7,-0.3,0.0003515392
880,36.97,0.86,0.87,0.0003473,146.6,-55.9,-58.6,9.4,14.3,-0.4,0.00035528789999999996
881,36.87,0.86,0.87,0.0003512,146.9,-55.9,-58.4,9.1,13.4,-0.6,0.00036033120000000004
882,36.77,0.86,0.87,0.0003553,147.1,-55.9,-57.8,8.9,12.3,-0.6,0.0003581424
883,36.67,0.86,0.87,0.0003594,147.4,-55.9,-58.9,8.6,12.8,-0.4,0.0003615564
884,36.57,0.86,0.87,0.0003635,147.7,-55.9,-59.7,8.4,11.9,-0.2,0.000365681
885,36.47,0.86,0.87,0.0003677,148.0,-55.9,-60.2,8.1,11.4,-0.1,0.000364023
886,36.37,0.86,0.87,0.0003719,148.2,-55.9,-60.3,7.8,11.9,0.1,0.00036706529999999996
887,36.27,0.86,0.88,0.0003762,148.5,-55.9,-58.9,7.6,10.6,-0.0,0.00037356659999999997
888,36.17,0.86,0.88,0.0003805,148.8,-55.9,-59.1,7.3,8.9,-0.1,0.0003785975
889,36.07,0.86,0.88,0.0003849,149.0,-55.9,-58.8,7.0,8.0,-0.1,0.0003872094
890,35.97,0.86,0.88,0.0003893,149.3,-56.0,-59.8,6.8,8.3,-0.3,0.0003939716
891,35.87,0.86,0.88,0.0003938,149.6,-56.0,-59.0,6.5,7.5,0.1,0.0003981317999999999
892,35.77,0.86,0.88,0.0003984,149.9,-56.0,-58.0,6.3,7.1,0.2,0.0004031808
893,35.67,0.86,0.88,0.000403,150.1,-56.0,-58.5,6.0,6.7,0.6,0.00040743299999999996
894,35.57,0.86,0.88,0.0004076,150.4,-56.0,-58.4,5.7,6.5,0.5,0.00041045319999999993
895,35.47,0.86,0.88,0.0004123,150.7,-56.0,-59.4,5.5,5.3,0.6,0.0004147738
896,35.37,0.86,0.88,0.0004171,151.0,-56.0,-58.7,5.2,4.6,0.4,0.00041918549999999993
897,35.27,0.86,0.88,0.0004219,151.2,-56.0,-58.6,4.9,3.6,0.6,0.0004265409
898,35.17,0.86,0.88,0.0004268,151.5,-56.0,-58.7,4.7,4.0,0.6,0.00042893399999999996
899,35.07,0.86,0.88,0.0004317,151.8,-56.0,-57.7,4.4,4.7,0.6,0.0004295415
900,34.97,0.86,0.88,0.0004366,152.0,-56.0,-57.4,4.2,5.2,0.5,0.0004335438
901,34.87,0.86,0.88,0.0004413,152.2,-55.7,-56.4,4.1,4.5,0.5,0.0004373283
902,34.77,0.86,0.88,0.0004461,152.5,-55.4,-55.4,4.1,4.1,0.4,0.0004461
903,34.67,0.86,0.88,0.0004509,152.7,-55.1,-56.4,4.0,3.9,0.5,0.0004486455
904,34.57,0.86,0.88,0.0004558,152.9,-54.9,-55.6,4.0,4.1,0.6,0.00045671160000000004
905,34.47,0.86,0.88,0.0004608,153.1,-54.6,-56.2,3.9,3.4,0.6,0.00046402559999999995
906,34.37,0.86,0.88,0.0004658,153.3,-54.3,-55.6,3.8,3.9,0.7,0.0004658
907,34.27,0.86,0.88,0.0004708,153.5,-54.1,-55.1,3.8,3.3,0.8,0.0004708
908,34.17,0.86,0.88,0.0004759,153.8,-53.8,-52.1,3.7,2.9,0.2,0.0004735205
909,34.07,0.86,0.88,0.0004811,154.0,-53.5,-50.5,3.6,3.1,0.1,0.0004758079
910,33.97,0.86,0.88,0.0004863,154.2,-53.2,-49.7,3.6,4.4,-0.1,0.0004838685
911,33.87,0.86,0.88,0.0004916,154.4,-53.0,-49.5,3.5,3.6,0.1,0.0004896336
912,33.77,0.86,0.88,0.0004969,154.6,-52.7,-47.7,3.4,4.5,-0.1,0.0004954093
913,33.67,0.86,0.88,0.0005023,154.8,-52.4,-48.2,3.4,6.0,-0.1,0.0005038069
914,33.57,0.86,0.88,0.0005078,155.1,-52.2,-47.3,3.3,5.8,0.2,0.000510339
915,33.47,0.86,0.88,0.0005133,155.3,-51.9,-47.0,3.2,6.1,0.0,0.0005102202
916,33.37,0.86,0.88,0.0005189,155.5,-51.6,-47.8,3.2,6.1,0.2,0.0005178622
917,33.27,0.86,0.88,0.0005245,155.7,-51.4,-50.0,3.1,6.4,0.2,0.0005229265
918,33.17,0.86,0.88,0.0005302,155.9,-51.1,-50.0,3.1,6.9,0.2,0.0005270188
919,33.07,0.86,0.88,0.000536,156.1,-50.8,-50.6,3.0,6.5,0.2,0.0005418959999999999
920,32.97,0.86,0.88,0.0005418,156.4,-50.5,-50.1,2.9,4.4,0.2,0.0005477598
921,32.87,0.86,0.88,0.0005477,156.6,-50.3,-49.5,2.9,5.2,-0.0,0.0005531770000000001
922,32.77,0.86,0.88,0.0005537,156.8,-50.0,-47.9,2.8,3.5,-0.0,0.000559237
923,32.67,0.86,0.88,0.0005597,157.0,-49.7,-47.1,2.7,3.9,0.3,0.000570894
924,32.57,0.86,0.88,0.0005658,157.2,-49.5,-47.3,2.7,4.1,0.0,0.0005873004
925,32.47,0.86,0.88,0.0005719,157.4,-49.2,-46.2,2.6,2.7,0.1,0.0005821942
926,32.37,0.86,0.88,0.0005782,157.7,-48.9,-44.6,2.5,2.3,0.3,0.0005914985999999999
927,32.27,0.86,0.88,0.0005845,157.9,-48.7,-43.6,2.5,2.7,0.4,0.0006008659999999999
928,32.17,0.86,0.88,0.0005908,158.1,-48.4,-44.3,2.4,2.9,0.1,0.0006067516
929,32.07,0.86,0.88,0.0005973,158.3,-48.1,-43.9,2.3,3.3,0.3,0.0006229839
930,31.97,0.86,0.88,0.0006038,158.5,-47.8,-43.1,2.3,2.0,0.5,0.0006279520000000001
931,31.87,0.86,0.88,0.0006103,158.7,-47.6,-42.6,2.2,1.4,0.5,0.0006395944000000001
932,31.77,0.86,0.88,0.000617,159.0,-47.3,-42.6,2.2,1.1,0.5,0.00064168
933,31.67,0.86,0.88,0.0006237,159.2,-47.0,-41.5,2.1,1.1,0.6,0.0006399162000000001
934,31.57,0.86,0.88,0.0006305,159.4,-46.8,-39.7,2.0,2.1,0.5,0.0006424794999999999
935,31.47,0.86,0.88,0.0006374,159.6,-46.5,-39.3,2.0,3.5,0.7,0.0006463236
936,31.37,0.86,0.88,0.0006443,159.8,-46.2,-37.7,1.9,3.3,0.6,0.0006565417
937,31.27,0.86,0.88,0.0006514,160.0,-45.9,-36.8,1.8,4.3,0.8,0.0006618224
938,31.17,0.86,0.88,0.0006585,160.3,-45.7,-36.6,1.8,3.5,0.9,0.000670353
939,31.07,0.86,0.88,0.0006656,160.5,-45.4,-35.9,1.7,3.5,0.8,0.0006762496000000001
940,30.97,0.86,0.88,0.0006729,160.7,-45.1,-34.6,1.6,4.3,0.6,0.0006863580000000001
941,30.87,0.86,0.88,0.0006803,160.9,-44.9,-32.6,1.6,3.5,0.5,0.0006945863
942,30.77,0.86,0.88,0.0006877,161.1,-44.6,-32.6,1.5,2.6,0.5,0.0007000786
943,30.67,0.86,0.88,0.0006952,161.3,-44.3,-31.0,1.5,3.7,0.3,0.0007070183999999999
944,30.57,0.86,0.88,0.0007028,161.6,-44.1,-32.2,1.4,3.5,0.4,0.0007112336
945,30.47,0.86,0.88,0.0007105,161.8,-43.8,-31.6,1.3,2.0,0.7,0.000713342
946,30.37,0.86,0.88,0.0007182,162.0,-43.5,-31.3,1.3,1.2,0.6,0.0007088634
947,30.27,0.86,0.88,0.0007261,162.2,-43.2,-30.7,1.2,1.8,0.6,0.0007166607000000001
948,30.17,0.86,0.88,0.000734,162.4,-43.0,-30.9,1.1,0.7,0.7,0.0007200539999999999
949,30.07,0.86,0.88,0.000742,162.6,-42.7,-30.4,1.1,0.1,0.7,0.00071974
950,29.97,0.86,0.88,0.00075,162.8,-42.5,-29.5,1.0,0.3,0.7,0.000729
951,29.87,0.86,0.88,0.0007576,163.1,-42.3,-30.8,0.9,0.3,0.6,0.0007295687999999999
952,29.77,0.86,0.88,0.0007652,163.3,-42.2,-31.7,0.8,-0.4,0.5,0.000734592
953,29.67,0.86,0.88,0.000773,163.5,-42.0,-33.4,0.7,-0.4,0.5,0.000739761
954,29.57,0.86,0.88,0.0007808,163.7,-41.9,-34.0,0.7,-0.1,0.6,0.0007581568
955,29.47,0.86,0.88,0.0007888,163.9,-41.7,-33.4,0.6,-0.4,0.8,0.00076908
956,29.37,0.86,0.88,0.0007968,164.1,-41.6,-33.2,0.5,-0.5,0.7,0.0007697088
957,29.27,0.86,0.88,0.0008048,164.3,-41.5,-34.6,0.4,-1.0,0.8,0.0007718032
958,29.17,0.86,0.88,0.000813,164.5,-41.3,-33.4,0.3,-1.6,0.7,0.000782919
959,29.07,0.86,0.88,0.0008213,164.7,-41.2,-33.6,0.2,-1.5,0.5,0.0007974823
960,28.97,0.86,0.88,0.0008296,164.9,-41.0,-32.2,0.2,0.0,0.5,0.0008080304
961,28.87,0.86,0.88,0.000838,165.2,-40.9,-31.0,0.1,-0.9,0.6,0.0008170499999999999
962,28.77,0.86,0.88,0.0008465,165.4,-40.7,-32.5,-0.0,-0.8,0.5,0.0008304165
963,28.67,0.86,0.88,0.0008551,165.6,-40.6,-31.9,-0.1,0.1,0.7,0.0008354327
964,28.57,0.86,0.88,0.0008638,165.8,-40.4,-31.7,-0.2,1.1,0.5,0.0008456602
965,28.47,0.86,0.88,0.0008726,166.0,-40.3,-31.9,-0.3,1.4,0.4,0.0008525302
966,28.37,0.86,0.88,0.0008814,166.2,-40.1,-31.4,-0.3,2.1,0.5,0.0008628905999999999
967,28.27,0.86,0.88,0.0008904,166.4,-40.0,-30.0,-0.4,2.3,0.4,0.0008672495999999999
968,28.17,0.86,0.88,0.0008995,166.6,-39.9,-31.4,-0.5,2.3,0.2,0.0008806105
969,28.07,0.86,0.88,0.0009086,166.8,-39.7,-31.6,-0.6,1.6,0.5,0.0008995139999999999
970,27.97,0.86,0.88,0.0009178,167.0,-39.6,-30.7,-0.7,1.6,0.5,0.0009031152
971,27.87,0.86,0.88,0.0009272,167.3,-39.4,-30.4,-0.8,0.7,0.5,0.0009077288
972,27.77,0.86,0.88,0.0009366,167.5,-39.3,-29.6,-0.9,-0.4,0.5,0.0009085019999999999
973,27.67,0.86,0.88,0.0009461,167.7,-39.1,-30.1,-0.9,-1.7,0.4,0.0009167708999999999
974,27.57,0.86,0.88,0.0009557,167.9,-39.0,-30.9,-1.0,-1.7,0.3,0.0009308518
975,27.47,0.86,0.88,0.0009655,168.1,-38.8,-31.3,-1.1,-1.7,0.4,0.000938466
976,27.37,0.86,0.88,0.0009753,168.3,-38.7,-30.9,-1.2,-2.1,0.5,0.0009411645
977,27.27,0.86,0.88,0.0009852,168.5,-38.6,-30.9,-1.3,-0.3,0.7,0.00093594
978,27.17,0.86,0.89,0.0009952,168.7,-38.4,-29.4,-1.4,-0.4,0.8,0.0009354879999999998
979,27.07,0.86,0.89,0.001005,168.9,-38.3,-30.2,-1.4,-0.2,1.0,0.00094872
980,26.97,0.86,0.89,0.001016,169.1,-38.1,-29.4,-1.5,0.5,1.3,0.0009651999999999999
981,26.87,0.86,0.89,0.001026,169.3,-38.0,-28.9,-1.6,1.8,0.9,0.000978804
982,26.77,0.86,0.89,0.001036,169.6,-37.8,-28.4,-1.7,1.9,0.9,0.0009779839999999999
983,26.67,0.86,0.89,0.001047,169.8,-37.7,-28.1,-1.8,1.1,0.8,0.00097371
984,26.57,0.86,0.89,0.001058,170.0,-37.5,-27.5,-1.9,1.3,0.8,0.0009765339999999999
985,26.47,0.86,0.89,0.001068,170.2,-37.4,-28.0,-1.9,0.5,0.8,0.00098256
986,26.37,0.86,0.89,0.001079,170.4,-37.3,-27.7,-2.0,0.2,0.8,0.000993759
987,26.27,0.86,0.89,0.00109,170.6,-37.1,-28.0,-2.1,1.9,0.9,0.00100825
988,26.17,0.86,0.89,0.001101,170.8,-37.0,-26.5,-2.2,0.9,0.8,0.001020627
989,26.07,0.86,0.89,0.001113,171.0,-36.8,-26.1,-2.3,1.9,0.8,0.0010406550000000001
990,25.97,0.86,0.89,0.001124,171.2,-36.7,-25.8,-2.4,0.8,0.8,0.0010520640000000001
991,25.87,0.86,0.89,0.001135,171.4,-36.5,-26.4,-2.5,1.0,0.7,0.00105782
992,25.77,0.86,0.89,0.001147,171.7,-36.4,-27.6,-2.5,-0.1,0.6,0.001062122
993,25.67,0.86,0.89,0.001159,171.9,-36.2,-28.1,-2.6,-0.3,0.7,0.0010790290000000002
994,25.57,0.86,0.89,0.001171,172.1,-36.1,-29.2,-2.7,0.9,0.7,0.001094885
995,25.47,0.86,0.89,0.001182,172.3,-36.0,-28.6,-2.8,1.2,0.6,0.001109898
996,25.37,0.86,0.89,0.001195,172.5,-35.8,-27.8,-2.9,0.7,0.5,0.00113286
997,25.27,0.86,0.89,0.001207,172.7,-35.7,-25.6,-3.0,-0.4,0.7,0.0011514779999999998
998,25.17,0.86,0.89,0.001219,172.9,-35.5,-26.6,-3.0,-1.1,0.7,0.0011629259999999999
999,25.07,0.86,0.89,0.001232,173.1,-35.4,-25.6,-3.1,-1.1,0.5,0.001172864
1000,24.97,0.86,0.89,0.001244,173.3,-35.2,-24.2,-3.2,-1.3,0.6,0.0011917520000000001
1001,24.87,0.86,0.89,0.001257,173.5,-35.0,-25.0,-3.3,-0.2,0.2,0.001207977
1002,24.77,0.86,0.89,0.001269,173.7,-34.7,-24.8,-3.4,-0.1,0.2,0.001204281
1003,24.67,0.86,0.89,0.001282,173.9,-34.5,-23.9,-3.4,-0.8,0.1,0.001226874
1004,24.57,0.86,0.89,0.001295,174.0,-34.3,-24.7,-3.5,-1.4,0.4,0.001236725
1005,24.47,0.86,0.89,0.001308,174.2,-34.0,-24.3,-3.6,-1.2,0.2,0.001258296
1006,24.37,0.86,0.89,0.001321,174.4,-33.8,-24.5,-3.7,-2.1,0.1,0.001258913
1007,24.27,0.86,0.89,0.001334,174.6,-33.5,-23.7,-3.7,-1.5,0.2,0.00127397
1008,24.17,0.86,0.89,0.001347,174.8,-33.3,-23.6,-3.8,-1.1,0.1,0.001289079
1009,24.07,0.86,0.89,0.001361,175.0,-33.1,-24.2,-3.9,-2.3,0.2,0.001305199
1010,23.97,0.86,0.89,0.001375,175.1,-32.8,-23.1,-4.0,-1.1,0.2,0.0013172499999999998
1011,23.87,0.86,0.89,0.001388,175.3,-32.6,-22.0,-4.1,-1.5,0.1,0.001335256
1012,23.77,0.86,0.89,0.001402,175.5,-32.3,-22.2,-4.1,-1.2,0.1,0.0013501259999999999
1013,23.67,0.86,0.89,0.001416,175.7,-32.1,-22.0,-4.2,-1.5,-0.1,0.0013565279999999999
1014,23.57,0.86,0.89,0.001431,175.9,-31.9,-21.0,-4.3,-1.1,0.1,0.001366605
1015,23.47,0.86,0.89,0.001445,176.0,-31.6,-20.5,-4.4,-2.5,-0.1,0.0013872
1016,23.37,0.86,0.89,0.00146,176.2,-31.4,-20.9,-4.4,-3.0,-0.2,0.0013942999999999998
1017,23.27,0.86,0.89,0.001474,176.4,-31.1,-20.1,-4.5,-3.4,-0.0,0.001413566
1018,23.17,0.86,0.89,0.001489,176.6,-30.9,-20.3,-4.6,-3.7,-0.0,0.001424973
1019,23.07,0.86,0.89,0.001504,176.8,-30.7,-20.6,-4.7,-4.6,-0.3,0.0014498559999999998
1020,22.97,0.86,0.89,0.001519,177.0,-30.4,-19.9,-4.8,-5.2,-0.0,0.00147343
1021,22.87,0.86,0.89,0.001534,177.1,-30.2,-18.9,-4.8,-5.0,-0.0,0.0014757079999999998
1022,22.77,0.86,0.89,0.00155,177.3,-29.9,-18.4,-4.9,-6.3,-0.1,0.0014849
1023,22.67,0.86,0.89,0.001565,177.5,-29.7,-17.8,-5.0,-5.9,-0.3,0.00149927
1024,22.57,0.86,0.89,0.001581,177.7,-29.5,-19.1,-5.1,-6.3,-0.3,0.0015003689999999999
1025,22.47,0.86,0.89,0.001597,177.9,-29.2,-19.9,-5.1,-6.7,-0.3,0.0015043739999999997
1026,22.37,0.86,0.89,0.001613,178.0,-29.0,-20.5,-5.2,-5.7,-0.4,0.001521059
1027,22.27,0.86,0.89,0.001629,178.2,-28.7,-22.3,-5.3,-6.1,-0.5,0.001537776
1028,22.17,0.86,0.89,0.001646,178.4,-28.5,-21.3,-5.4,-6.3,-0.4,0.0015439479999999998
1029,22.07,0.86,0.89,0.001662,178.6,-28.3,-21.6,-5.4,-5.4,-0.4,0.001565604
1030,21.97,0.86,0.89,0.001679,178.8,-28.0,-21.6,-5.5,-5.9,-0.4,0.001590013
1031,21.87,0.86,0.89,0.001696,179.0,-27.8,-21.3,-5.6,-5.2,-0.4,0.001612896
1032,21.77,0.86,0.89,0.001713,179.1,-27.5,-19.9,-5.7,-6.2,-0.4,0.001637628
1033,21.67,0.86,0.89,0.00173,179.3,-27.3,-19.3,-5.8,-6.7,-0.3,0.00166599
1034,21.57,0.86,0.89,0.001747,179.5,-27.1,-19.5,-5.8,-5.4,-0.2,0.001680614
1035,21.47,0.86,0.89,0.001765,179.7,-26.8,-19.0,-5.9,-6.5,-0.2,0.00170146
1036,21.37,0.86,0.89,0.001783,179.9,-26.6,-19.3,-6.0,-7.6,-0.2,0.001727727
1037,21.27,0.86,0.89,0.001801,180.0,-26.4,-18.1,-6.1,-7.5,-0.4,0.001741567
1038,21.17,0.86,0.89,0.001819,180.2,-26.1,-19.2,-6.1,-7.3,-0.2,0.001760792
1039,21.07,0.86,0.89,0.001837,180.4,-25.9,-18.9,-6.2,-7.2,-0.5,0.0017690310000000001
1040,20.97,0.86,0.89,0.001856,180.6,-25.6,-18.1,-6.3,-5.9,-0.6,0.001804032
1041,20.87,0.86,0.89,0.001874,180.8,-25.4,-17.9,-6.4,-6.9,-0.7,0.001821528
1042,20.77,0.86,0.89,0.001893,180.9,-25.2,-17.2,-6.4,-7.4,-0.6,0.001841889
1043,20.67,0.86,0.89,0.001912,181.1,-24.9,-17.8,-6.5,-7.8,-0.4,0.001866112
1044,20.57,0.86,0.89,0.001932,181.3,-24.7,-18.3,-6.6,-7.1,-0.7,0.0019010879999999998
1045,20.47,0.86,0.89,0.001951,181.5,-24.4,-18.6,-6.7,-7.1,-0.6,0.001933441
1046,20.37,0.86,0.89,0.001971,181.7,-24.2,-18.4,-6.8,-7.9,-0.7,0.00195129
1047,20.27,0.86,0.89,0.001991,181.9,-24.0,-18.4,-6.8,-7.8,-0.7,0.0019770630000000003
1048,20.17,0.86,0.89,0.002011,182.0,-23.7,-17.4,-6.9,-8.0,-0.8,0.002000945
1049,20.07,0.86,0.89,0.002031,182.2,-23.5,-18.2,-7.0,-7.6,-0.7,0.002026938
1050,19.97,0.86,0.89,0.002051,182.4,-23.2,-17.0,-7.0,-8.1,-0.7,0.0020386939999999997
1051,19.87,0.86,0.89,0.002071,182.6,-22.7,-17.0,-7.0,-8.1,-0.6,0.0020813549999999996
1052,19.77,0.86,0.89,0.002091,182.7,-22.2,-16.7,-6.9,-8.8,-0.5,0.0021056369999999996
1053,19.67,0.86,0.89,0.002111,182.9,-21.8,-17.9,-6.9,-8.1,-0.5,0.002117333
1054,19.57,0.86,0.89,0.002132,183.1,-21.3,-18.1,-6.8,-7.7,-0.6,0.002155452
1055,19.47,0.86,0.89,0.002152,183.3,-20.8,-16.8,-6.8,-8.9,-0.7,0.002169216
1056,19.37,0.86,0.89,0.002173,183.4,-20.4,-17.8,-6.7,-7.8,-0.6,0.002181692
1057,19.27,0.86,0.89,0.002194,183.6,-19.9,-17.9,-6.7,-7.4,-0.6,0.00220497
1058,19.17,0.86,0.89,0.002215,183.8,-19.4,-18.6,-6.6,-6.7,-0.7,0.00223715
1059,19.07,0.86,0.89,0.002237,184.0,-19.0,-17.7,-6.6,-7.2,-0.6,0.0022705549999999996
1060,18.97,0.86,0.89,0.002258,184.1,-18.5,-16.9,-6.5,-6.7,-0.7,0.002276064
1061,18.87,0.86,0.89,0.00228,184.3,-18.0,-16.8,-6.5,-5.8,-0.8,0.0022914
1062,18.77,0.86,0.89,0.002302,184.5,-17.6,-15.9,-6.4,-5.5,-0.8,0.002315812
1063,18.67,0.86,0.89,0.002325,184.7,-17.1,-15.3,-6.4,-5.8,-0.7,0.0023366249999999997
1064,18.57,0.86,0.89,0.002347,184.8,-16.6,-14.3,-6.3,-5.6,-0.5,0.002365776
1065,18.47,0.86,0.89,0.00237,185.0,-16.2,-13.7,-6.3,-5.4,-0.5,0.0023937000000000003
1066,18.37,0.86,0.89,0.002393,185.2,-15.7,-12.9,-6.2,-5.8,-0.6,0.002426502
1067,18.27,0.86,0.89,0.002416,185.3,-15.2,-12.4,-6.2,-5.2,-0.7,0.002461904
1068,18.17,0.86,0.89,0.00244,185.5,-14.7,-11.2,-6.1,-5.6,-0.7,0.0025107599999999995
1069,18.07,0.86,0.9,0.002463,185.7,-14.3,-10.5,-6.1,-5.2,-0.5,0.0025442789999999996
1070,17.97,0.86,0.9,0.002487,185.9,-13.8,-11.2,-6.0,-4.9,-0.6,0.0025715580000000003
1071,17.87,0.86,0.9,0.002511,186.0,-13.3,-9.9,-6.0,-5.1,-0.6,0.002603907
1072,17.77,0.86,0.9,0.002535,186.2,-12.9,-9.4,-5.9,-5.1,-0.7,0.00264654
1073,17.67,0.86,0.9,0.00256,186.4,-12.4,-8.4,-5.9,-4.2,-0.6,0.00265984
1074,17.57,0.86,0.9,0.002585,186.6,-11.9,-8.0,-5.8,-3.4,-0.5,0.0026806449999999997
1075,17.47,0.86,0.9,0.00261,186.7,-11.5,-7.0,-5.8,-4.1,-0.4,0.00270396
1076,17.37,0.86,0.9,0.002635,186.9,-11.0,-6.3,-5.7,-5.5,-0.2,0.0027193200000000003
1077,17.27,0.86,0.9,0.002661,187.1,-10.5,-5.7,-5.7,-4.3,-0.3,0.002754135
1078,17.17,0.86,0.9,0.002687,187.2,-10.1,-4.8,-5.6,-4.6,-0.3,0.00276761
1079,17.07,0.86,0.9,0.002713,187.4,-9.6,-4.0,-5.6,-4.3,-0.4,0.0027835380000000003
1080,16.97,0.86,0.9,0.002739,187.6,-9.1,-3.7,-5.5,-4.1,-0.4,0.002810214
1081,16.87,0.86,0.9,0.002766,187.8,-8.7,-3.2,-5.5,-3.8,-0.3,0.0028185539999999996
1082,16.77,0.86,0.9,0.002792,187.9,-8.2,-3.3,-5.5,-4.1,-0.3,0.002839464
1083,16.67,0.86,0.9,0.002819,188.1,-7.7,-3.5,-5.4,-3.4,-0.3,0.00284719
1084,16.57,0.86,0.9,0.002847,188.3,-7.3,-2.9,-5.4,-3.0,-0.4,0.002878317
1085,16.47,0.86,0.9,0.002874,188.5,-6.8,-2.9,-5.3,-3.7,-0.4,0.0029056139999999995
1086,16.37,0.86,0.9,0.002902,188.6,-6.3,-1.6,-5.3,-3.7,-0.2,0.0029165099999999998
1087,16.27,0.86,0.9,0.002931,188.8,-5.9,-1.5,-5.2,-3.0,-0.2,0.002928069
1088,16.17,0.86,0.9,0.002959,189.0,-5.4,-1.7,-5.2,-3.7,-0.3,0.0029678769999999994
1089,16.07,0.86,0.9,0.002988,189.2,-4.9,-1.2,-5.1,-3.2,-0.2,0.003020868
1090,15.97,0.86,0.9,0.003017,189.3,-4.4,-0.3,-5.1,-2.4,-0.2,0.003032085
1091,15.87,0.86,0.9,0.003046,189.5,-4.0,-0.0,-5.0,-2.8,0.0,0.003070368
1092,15.77,0.86,0.9,0.003076,189.7,-3.5,0.3,-5.0,-2.8,0.2,0.00309138
1093,15.67,0.86,0.9,0.003105,189.8,-3.0,0.5,-4.9,-3.8,0.3,0.00308637
1094,15.57,0.86,0.9,0.003136,190.0,-2.6,1.4,-4.9,-4.2,0.2,0.003110912
1095,15.47,0.86,0.9,0.003166,190.2,-2.1,0.6,-4.8,-4.4,0.1,0.003156502
1096,15.37,0.86,0.9,0.003197,190.4,-1.6,0.6,-4.8,-4.6,0.1,0.0032097880000000003
1097,15.27,0.86,0.9,0.003228,190.5,-1.2,1.0,-4.7,-3.7,0.2,0.003224772
1098,15.17,0.86,0.9,0.003259,190.7,-0.7,1.3,-4.7,-4.0,-0.2,0.0032427050000000002
1099,15.07,0.86,0.9,0.003291,190.9,-0.2,2.1,-4.6,-4.6,-0.4,0.003287709
1100,14.97,0.86,0.9,0.003322,191.1,0.2,2.6,-4.6,-5.0,-0.2,0.003302068
1101,14.87,0.86,0.9,0.003353,191.3,0.4,3.2,-4.5,-4.9,-0.3,0.003336235
1102,14.77,0.86,0.9,0.003383,191.4,0.6,2.8,-4.5,-5.0,-0.3,0.003362702
1103,14.67,0.86,0.9,0.003414,191.6,0.8,2.8,-4.4,-4.1,-0.3,0.003386688
1104,14.57,0.86,0.9,0.003445,191.8,1.0,3.2,-4.4,-5.2,-0.3,0.00342433
1105,14.47,0.86,0.9,0.003477,192.0,1.2,3.4,-4.4,-4.9,-0.4,0.003449184
1106,14.37,0.86,0.9,0.003509,192.2,1.4,3.3,-4.3,-5.1,-0.3,0.003466892
1107,14.27,0.86,0.9,0.003541,192.4,1.6,3.0,-4.3,-5.4,-0.4,0.0034914259999999997
1108,14.17,0.86,0.9,0.003573,192.6,1.8,3.3,-4.3,-5.3,-0.2,0.003522978
1109,14.07,0.86,0.9,0.003606,192.8,2.0,4.3,-4.2,-5.7,-0.1,0.0035591219999999996
1110,13.97,0.86,0.9,0.003639,193.0,2.2,4.3,-4.2,-6.1,-0.0,0.0035734979999999996
1111,13.87,0.86,0.9,0.003672,193.1,2.4,4.2,-4.1,-6.2,0.2,0.003624264
1112,13.77,0.86,0.9,0.003706,193.3,2.6,4.4,-4.1,-6.5,0.1,0.00365041
1113,13.67,0.86,0.9,0.003739,193.5,2.8,4.3,-4.1,-7.0,0.2,0.003679176
1114,13.57,0.86,0.9,0.003774,193.7,3.0,4.9,-4.0,-7.7,0.2,0.00371739
1115,13.47,0.86,0.9,0.003808,193.9,3.2,4.2,-4.0,-7.5,0.2,0.0037508800000000003
1116,13.37,0.86,0.9,0.003843,194.1,3.4,4.1,-4.0,-6.8,0.3,0.003769983
1117,13.27,0.86,0.9,0.003878,194.3,3.6,4.4,-3.9,-7.4,0.3,0.003808196
1118,13.17,0.86,0.9,0.003914,194.5,3.8,4.9,-3.9,-7.4,0.4,0.0038396339999999998
1119,13.07,0.86,0.9,0.003949,194.7,4.0,4.6,-3.8,-7.3,0.3,0.003873969
1120,12.97,0.86,0.9,0.003986,194.9,4.2,5.1,-3.8,-6.6,0.3,0.003918238
1121,12.87,0.86,0.9,0.004022,195.0,4.4,4.4,-3.8,-6.9,0.5,0.003957648
1122,12.77,0.86,0.9,0.004059,195.2,4.6,3.9,-3.7,-6.8,0.6,0.00397782
1123,12.67,0.86,0.9,0.004096,195.4,4.8,4.1,-3.7,-5.9,0.4,0.0040222719999999995
1124,12.57,0.86,0.9,0.004133,195.6,5.0,4.5,-3.6,-7.0,0.3,0.0040834040000000005
1125,12.47,0.86,0.9,0.004171,195.8,5.2,5.4,-3.6,-7.1,0.2,0.004112606
1126,12.37,0.86,0.9,0.004209,196.0,5.4,5.6,-3.6,-7.3,0.2,0.004162701
1127,12.27,0.86,0.9,0.004248,196.2,5.6,6.6,-3.5,-6.6,0.3,0.00418428
1128,12.17,0.86,0.9,0.004287,196.4,5.8,6.7,-3.5,-7.0,0.3,0.00420126
1129,12.07,0.86,0.9,0.004326,196.6,6.1,6.9,-3.5,-7.1,0.2,0.004274088
1130,11.97,0.86,0.9,0.004366,196.7,6.3,6.9,-3.4,-7.1,0.1,0.004331072
1131,11.87,0.86,0.9,0.004406,196.9,6.5,6.9,-3.4,-7.1,0.1,0.004366346
1132,11.77,0.86,0.9,0.004446,197.1,6.7,7.1,-3.3,-7.9,-0.1,0.004405986000000001
1133,11.67,0.86,0.9,0.004487,197.3,6.9,7.6,-3.3,-7.1,-0.2,0.004451104
1134,11.57,0.86,0.9,0.004528,197.5,7.1,7.3,-3.3,-6.6,0.0,0.004500832
1135,11.47,0.86,0.9,0.00457,197.7,7.3,7.4,-3.2,-6.6,0.0,0.00456086
1136,11.37,0.86,0.9,0.004611,197.9,7.5,7.3,-3.2,-6.8,-0.0,0.0046156109999999995
1137,11.27,0.86,0.9,0.004654,198.1,7.7,8.4,-3.1,-6.3,-0.1,0.0046819240000000005
1138,11.17,0.86,0.9,0.004696,198.3,7.9,8.7,-3.1,-5.6,-0.3,0.004733568
1139,11.07,0.86,0.9,0.004739,198.5,8.1,8.7,-3.1,-4.9,-0.2,0.004781651
1140,10.97,0.86,0.9,0.004783,198.6,8.3,9.7,-3.0,-4.9,-0.4,0.004816480999999999
1141,10.87,0.86,0.9,0.004827,198.8,8.5,8.8,-3.0,-5.3,-0.3,0.00487527
1142,10.77,0.86,0.9,0.004871,199.0,8.7,8.7,-3.0,-5.1,-0.2,0.004909968000000001
1143,10.67,0.86,0.9,0.004916,199.2,8.9,9.4,-2.9,-5.2,-0.1,0.0049700759999999995
1144,10.57,0.86,0.9,0.004961,199.4,9.1,9.8,-2.9,-4.8,-0.5,0.004985804999999999
1145,10.47,0.86,0.9,0.005006,199.6,9.3,9.7,-2.8,-5.5,-0.4,0.0050210179999999995
1146,10.37,0.86,0.9,0.005052,199.8,9.5,10.1,-2.8,-5.3,-0.4,0.005036844
1147,10.27,0.86,0.9,0.005099,200.0,9.7,10.3,-2.8,-5.1,-0.4,0.005088802
1148,10.17,0.86,0.9,0.005145,200.2,9.9,10.3,-2.7,-5.1,-0.5,0.00510384
1149,10.07,0.86,0.9,0.005193,200.3,10.1,9.8,-2.7,-6.7,-0.4,0.005151456
1150,9.97,0.86,0.9,0.005239,200.5,10.2,10.2,-2.6,-5.7,-0.5,0.005197088
1151,9.87,0.86,0.9,0.005285,200.7,10.1,9.3,-2.6,-5.3,-0.6,0.005258575
1152,9.77,0.86,0.9,0.00533,201.0,10.1,10.0,-2.5,-4.9,-0.5,0.00531401
1153,9.67,0.86,0.9,0.005376,201.2,10.0,9.9,-2.4,-4.8,-0.4,0.005386752
1154,9.57,0.86,0.9,0.005423,201.4,9.9,10.5,-2.3,-4.8,-0.5,0.005439268999999999
1155,9.47,0.86,0.9,0.00547,201.6,9.8,10.3,-2.2,-4.8,-0.6,0.00548641
1156,9.37,0.86,0.9,0.005517,201.8,9.7,10.5,-2.1,-5.1,-0.7,0.005561136
1157,9.27,0.86,0.9,0.005565,202.0,9.6,11.0,-2.0,-4.8,-0.6,0.005626214999999999
1158,9.17,0.86,0.9,0.005613,202.2,9.5,10.2,-1.9,-4.3,-0.7,0.005680356
1159,9.07,0.86,0.9,0.005661,202.4,9.4,10.5,-1.9,-4.7,-0.7,0.005723270999999999
1160,8.97,0.86,0.91,0.00571,202.6,9.3,10.3,-1.8,-5.2,-0.7,0.00578423
1161,8.87,0.86,0.91,0.005759,202.8,9.2,10.4,-1.7,-4.8,-0.8,0.005851144
1162,8.77,0.86,0.91,0.005809,203.0,9.2,10.4,-1.6,-4.3,-0.9,0.005919371
1163,8.67,0.86,0.91,0.00586,203.2,9.1,10.7,-1.5,-5.3,-0.9,0.005947899999999999
1164,8.57,0.86,0.91,0.00591,203.4,9.0,10.3,-1.4,-5.5,-0.8,0.005969100000000001
1165,8.47,0.86,0.91,0.005961,203.6,8.9,9.1,-1.3,-4.8,-0.8,0.005996766000000001
1166,8.37,0.86,0.91,0.006013,203.8,8.8,8.9,-1.3,-4.5,-0.7,0.006019012999999999
1167,8.27,0.86,0.91,0.006065,204.1,8.7,8.6,-1.2,-4.6,-0.6,0.006131714999999999
1168,8.17,0.86,0.91,0.006117,204.3,8.6,8.9,-1.1,-3.7,-0.6,0.00617817
1169,8.07,0.86,0.91,0.00617,204.5,8.5,9.3,-1.0,-3.4,-0.5,0.006207020000000001
1170,7.97,0.86,0.91,0.006224,204.7,8.4,9.0,-0.9,-2.6,-0.5,0.0062426719999999995
1171,7.87,0.86,0.91,0.006278,204.9,8.3,8.6,-0.8,-2.3,-0.4,0.006290556
1172,7.77,0.86,0.91,0.006332,205.1,8.2,8.1,-0.7,-2.1,-0.4,0.006376323999999999
1173,7.67,0.86,0.91,0.006387,205.3,8.2,8.3,-0.6,-2.1,-0.3,0.006438096000000001
1174,7.57,0.86,0.91,0.006442,205.5,8.1,8.9,-0.6,-1.2,-0.2,0.006487093999999999
1175,7.47,0.86,0.91,0.006498,205.7,8.0,8.8,-0.5,-0.4,-0.2,0.0065174939999999995
1176,7.37,0.86,0.91,0.006554,205.9,7.9,8.0,-0.4,-0.1,-0.3,0.00652123
1177,7.27,0.86,0.91,0.006611,206.1,7.8,8.1,-0.3,0.2,-0.3,0.006571334
1178,7.17,0.86,0.91,0.006668,206.3,7.7,8.4,-0.2,0.2,-0.3,0.0066213240000000005
1179,7.07,0.86,0.91,0.006726,206.5,7.6,8.0,-0.1,-0.4,-0.3,0.006631836
1180,6.97,0.86,0.91,0.006784,206.7,7.5,7.7,-0.0,-0.2,-0.4,0.006736512
1181,6.87,0.86,0.91,0.006843,206.9,7.4,8.1,0.0,-0.2,-0.4,0.006760884
1182,6.77,0.86,0.91,0.006902,207.1,7.3,8.0,0.1,0.5,-0.4,0.006860588
1183,6.67,0.86,0.91,0.006962,207.4,7.3,7.7,0.2,0.2,-0.2,0.006906304
1184,6.57,0.86,0.91,0.007023,207.6,7.2,7.4,0.3,0.6,-0.2,0.006980862
1185,6.47,0.86,0.91,0.007083,207.8,7.1,6.7,0.4,0.9,-0.2,0.007033419
1186,6.37,0.86,0.91,0.007145,208.0,7.0,6.2,0.5,0.7,-0.1,0.007087840000000001
1187,6.27,0.86,0.91,0.007207,208.2,6.9,5.9,0.6,0.3,-0.2,0.007127723
1188,6.17,0.86,0.91,0.007269,208.4,6.8,5.3,0.6,0.5,-0.2,0.007210848000000001
1189,6.07,0.86,0.91,0.007332,208.6,6.7,5.7,0.7,0.7,-0.2,0.007288008
1190,5.97,0.86,0.91,0.007396,208.8,6.6,5.7,0.8,0.2,-0.1,0.0073442279999999995
1191,5.87,0.86,0.91,0.00746,209.0,6.5,4.9,0.9,0.1,-0.0,0.00745254
1192,5.77,0.86,0.91,0.007525,209.2,6.4,4.7,1.0,0.9,0.0,0.007517474999999999
1193,5.67,0.86,0.91,0.00759,209.4,6.4,4.1,1.1,1.1,0.1,0.00755205
1194,5.57,0.86,0.91,0.007656,209.6,6.3,3.5,1.2,1.3,-0.1,0.007602408
1195,5.47,0.86,0.91,0.007722,209.8,6.2,3.0,1.3,0.9,-0.1,0.007675668
1196,5.37,0.86,0.91,0.00779,210.0,6.1,2.2,1.3,1.1,-0.1,0.00777442
1197,5.27,0.86,0.91,0.007857,210.2,6.0,2.1,1.4,0.9,-0.2,0.007841286
1198,5.17,0.86,0.91,0.007925,210.5,5.9,1.5,1.5,1.7,-0.0,0.007869525
1199,5.07,0.86,0.91,0.007994,210.7,5.8,2.1,1.6,1.5,-0.1,0.007962024
