,HgtMOLA,LatPC,LonW,Denkgm3,Temp,EWind,EWTot,NWind,NWTot,VWind,DensP
0,125.67,0.72,0.09,1.49e-09,123.3,14.5,22.0,19.1,18.2,-0.9,1.34249e-09
1,125.57,0.72,0.09,1.513e-09,123.2,14.4,19.5,19.1,16.5,-1.2,1.432811e-09
2,125.47,0.72,0.09,1.537e-09,123.1,14.4,18.3,19.2,14.6,-0.7,1.420188e-09
3,125.37,0.72,0.09,1.561e-09,122.9,14.3,17.1,19.3,16.9,-0.5,1.501682e-09
4,125.27,0.72,0.09,1.586e-09,122.8,14.2,16.5,19.3,17.7,-0.1,1.5590379999999998e-09
5,125.17,0.72,0.09,1.611e-09,122.7,14.2,19.2,19.4,21.1,-0.5,1.606167e-09
6,125.07,0.72,0.09,1.636e-09,122.6,14.1,20.3,19.5,21.0,-0.4,1.4429519999999999e-09
7,124.97,0.72,0.09,1.662e-09,122.4,14.1,17.2,19.5,21.9,-0.3,1.51242e-09
8,124.87,0.72,0.09,1.688e-09,122.3,14.0,16.7,19.6,20.3,-1.0,1.46856e-09
9,124.77,0.72,0.09,1.715e-09,122.2,14.0,13.0,19.7,18.5,-0.9,1.35142e-09
10,124.67,0.72,0.09,1.742e-09,122.1,13.9,15.4,19.8,20.6,-1.3,1.512056e-09
11,124.57,0.72,0.09,1.769e-09,121.9,13.8,15.4,19.8,22.5,-1.1,1.526647e-09
12,124.47,0.72,0.09,1.797e-09,121.8,13.8,17.6,19.9,21.4,-1.5,1.6226910000000002e-09
13,124.37,0.72,0.09,1.826e-09,121.7,13.7,15.9,20.0,23.6,-0.9,1.63427e-09
14,124.27,0.72,0.09,1.855e-09,121.6,13.7,15.6,20.0,22.2,-1.5,1.72886e-09
15,124.17,0.72,0.09,1.884e-09,121.4,13.6,17.2,20.1,22.0,-0.7,1.6767600000000001e-09
16,124.07,0.72,0.09,1.913e-09,121.3,13.5,23.7,20.2,23.6,-0.7,1.6356149999999998e-09
17,123.97,0.72,0.09,1.944e-09,121.2,13.5,25.1,20.2,23.0,-0.9,1.551312e-09
18,123.87,0.72,0.09,1.974e-09,121.1,13.4,28.6,20.3,24.2,-1.7,1.68777e-09
19,123.77,0.72,0.09,2.005e-09,121.0,13.4,27.7,20.4,22.1,-1.4,2.02906e-09
20,123.67,0.72,0.09,2.039e-09,120.8,13.3,25.7,20.4,20.4,-2.0,2.2143540000000004e-09
21,123.57,0.72,0.09,2.073e-09,120.7,13.1,25.8,20.4,19.6,-1.7,2.1849420000000003e-09
22,123.47,0.72,0.09,2.108e-09,120.6,13.0,24.5,20.4,19.4,-2.2,2.114324e-09
23,123.37,0.72,0.09,2.143e-09,120.5,12.9,21.3,20.4,19.3,-1.8,2.226577e-09
24,123.27,0.72,0.09,2.179e-09,120.3,12.8,20.0,20.4,16.5,-0.8,2.340246e-09
25,123.17,0.72,0.09,2.215e-09,120.2,12.7,18.0,20.4,16.8,-0.6,2.305815e-09
26,123.07,0.72,0.09,2.252e-09,120.1,12.6,15.3,20.4,19.4,-1.0,2.209212e-09
27,122.97,0.72,0.09,2.29e-09,120.0,12.4,12.9,20.5,21.0,-1.2,2.15031e-09
28,122.87,0.72,0.09,2.328e-09,119.8,12.3,12.7,20.5,25.5,-1.0,2.1859919999999996e-09
29,122.77,0.72,0.09,2.367e-09,119.7,12.2,13.1,20.5,26.0,-1.0,2.118465e-09
30,122.67,0.72,0.09,2.407e-09,119.6,12.1,13.9,20.5,25.2,-0.7,2.305906e-09
31,122.57,0.72,0.09,2.447e-09,119.5,12.0,14.6,20.5,23.9,-1.3,2.407848e-09
32,122.47,0.72,0.09,2.488e-09,119.3,11.9,12.7,20.5,25.2,-1.7,2.415848e-09
33,122.37,0.72,0.09,2.53e-09,119.2,11.7,12.6,20.5,25.8,-1.2,2.38832e-09
34,122.27,0.72,0.09,2.572e-09,119.1,11.6,12.6,20.5,26.2,-1.1,2.4382559999999998e-09
35,122.17,0.72,0.09,2.615e-09,119.0,11.5,16.3,20.5,23.3,-1.6,2.3064300000000003e-09
36,122.07,0.72,0.09,2.659e-09,118.9,11.4,14.1,20.6,20.4,-1.0,2.28674e-09
37,121.97,0.72,0.09,2.703e-09,118.7,11.3,15.3,20.6,22.9,-0.7,2.51379e-09
38,121.87,0.72,0.09,2.749e-09,118.6,11.2,14.9,20.6,24.0,-0.8,2.735255e-09
39,121.77,0.72,0.09,2.795e-09,118.5,11.1,17.9,20.6,22.1,-1.0,2.680405e-09
40,121.67,0.72,0.09,2.842e-09,118.4,10.9,19.1,20.6,21.0,-1.3,2.577694e-09
41,121.57,0.72,0.09,2.889e-09,118.2,10.8,21.8,20.6,20.0,-1.6,2.706993e-09
42,121.47,0.72,0.09,2.938e-09,118.1,10.7,21.1,20.6,18.9,-1.3,2.685332e-09
43,121.37,0.72,0.09,2.987e-09,118.0,10.6,21.0,20.6,19.6,-0.9,2.682326e-09
44,121.27,0.72,0.09,3.037e-09,117.9,10.5,22.7,20.6,17.5,-0.7,2.6816710000000002e-09
45,121.17,0.72,0.09,3.088e-09,117.7,10.4,25.9,20.7,16.4,-0.6,2.714352e-09
46,121.07,0.72,0.09,3.139e-09,117.6,10.2,23.5,20.7,13.6,-0.7,2.853351e-09
47,120.97,0.72,0.09,3.192e-09,117.5,10.1,23.5,20.7,13.7,-0.9,3.045168e-09
48,120.87,0.72,0.09,3.246e-09,117.4,10.0,19.8,20.7,13.7,-2.0,3.103176e-09
49,120.77,0.72,0.09,3.3e-09,117.2,9.9,17.6,20.7,17.9,-1.8,3.2439e-09
50,120.67,0.72,0.09,3.355e-09,117.1,9.8,15.8,20.7,18.2,-1.4,3.250995e-09
51,120.57,0.72,0.09,3.412e-09,117.0,9.7,10.9,20.7,17.6,-1.9,3.3403479999999997e-09
52,120.47,0.72,0.09,3.469e-09,116.9,9.5,8.6,20.7,16.7,-0.9,3.4967519999999998e-09
53,120.37,0.72,0.09,3.527e-09,116.8,9.4,9.8,20.7,14.4,-0.6,3.498784e-09
54,120.27,0.72,0.09,3.586e-09,116.6,9.3,7.6,20.7,13.5,0.1,3.5322099999999997e-09
55,120.17,0.72,0.09,3.646e-09,116.5,9.2,8.1,20.8,10.2,0.4,3.813716e-09
56,120.07,0.72,0.09,3.707e-09,116.4,9.1,7.6,20.8,10.9,0.8,3.8812289999999995e-09
57,119.97,0.72,0.09,3.77e-09,116.3,9.0,6.2,20.8,10.3,-0.2,3.7323e-09
58,119.87,0.72,0.09,3.833e-09,116.1,8.9,11.3,20.8,12.8,-0.7,3.8406660000000005e-09
59,119.77,0.72,0.09,3.897e-09,116.0,8.7,10.3,20.8,14.3,-1.7,4.084056e-09
60,119.67,0.72,0.09,3.963e-09,115.9,8.6,10.0,20.8,17.5,-2.0,4.3593e-09
61,119.57,0.72,0.09,4.029e-09,115.8,8.5,14.6,20.8,17.0,-2.1,4.2505949999999994e-09
62,119.47,0.72,0.1,4.097e-09,115.6,8.4,19.3,20.8,19.9,-2.1,3.945411e-09
63,119.37,0.72,0.1,4.166e-09,115.5,8.3,18.8,20.8,19.6,-1.7,4.245154e-09
64,119.27,0.72,0.1,4.235e-09,115.4,8.2,21.1,20.9,16.8,-1.4,4.12489e-09
65,119.17,0.72,0.1,4.307e-09,115.3,8.0,21.1,20.9,18.6,-1.4,4.147641e-09
66,119.07,0.72,0.1,4.379e-09,115.1,7.9,21.8,20.9,21.5,-1.7,4.120639e-09
67,118.97,0.72,0.1,4.452e-09,115.0,7.8,21.5,20.9,20.0,-2.2,4.3362479999999996e-09
68,118.87,0.72,0.1,4.527e-09,114.9,7.7,17.9,20.9,20.6,-2.0,4.409298e-09
69,118.77,0.72,0.1,4.603e-09,114.8,7.6,15.6,20.9,18.4,-1.9,4.0506399999999996e-09
70,118.67,0.72,0.1,4.68e-09,114.7,7.4,19.0,20.8,16.2,-2.3,4.263480000000001e-09
71,118.57,0.72,0.1,4.757e-09,114.6,7.3,18.9,20.8,12.5,-1.7,4.9234949999999994e-09
72,118.47,0.72,0.1,4.836e-09,114.6,7.2,16.1,20.7,12.1,-2.5,4.78764e-09
73,118.37,0.72,0.1,4.916e-09,114.5,7.0,13.6,20.6,9.1,-3.1,4.7931e-09
74,118.27,0.72,0.1,4.998e-09,114.4,6.9,13.1,20.6,6.7,-3.0,4.933026e-09
75,118.17,0.72,0.1,5.081e-09,114.4,6.7,13.6,20.5,10.3,-2.9,5.38586e-09
76,118.07,0.72,0.1,5.165e-09,114.3,6.6,16.4,20.4,8.3,-3.2,5.24764e-09
77,117.97,0.72,0.1,5.251e-09,114.2,6.5,16.1,20.4,8.8,-3.3,5.497797e-09
78,117.87,0.72,0.1,5.338e-09,114.2,6.3,14.1,20.3,7.1,-3.4,5.338e-09
79,117.77,0.72,0.1,5.427e-09,114.1,6.2,13.7,20.2,7.4,-3.6,5.3618760000000005e-09
80,117.67,0.72,0.1,5.517e-09,114.0,6.0,13.0,20.1,8.6,-3.5,5.511483e-09
81,117.57,0.72,0.1,5.608e-09,114.0,5.9,11.9,20.1,6.8,-3.9,5.837927999999999e-09
82,117.47,0.72,0.1,5.701e-09,113.9,5.8,11.4,20.0,3.6,-4.0,6.117173e-09
83,117.37,0.72,0.1,5.796e-09,113.8,5.6,8.2,19.9,4.8,-3.8,6.080004e-09
84,117.27,0.72,0.1,5.892e-09,113.8,5.5,12.0,19.9,5.2,-3.3,5.762376e-09
85,117.17,0.72,0.1,5.99e-09,113.7,5.3,13.6,19.8,5.3,-3.5,5.17536e-09
86,117.07,0.72,0.1,6.09e-09,113.6,5.2,15.7,19.7,6.6,-3.3,5.28612e-09
87,116.97,0.72,0.1,6.191e-09,113.6,5.1,16.2,19.7,7.4,-2.8,5.503799e-09
88,116.87,0.72,0.1,6.294e-09,113.5,4.9,16.0,19.6,9.3,-2.5,5.6771880000000005e-09
89,116.77,0.72,0.1,6.398e-09,113.4,4.8,18.3,19.5,8.8,-2.9,6.001323999999999e-09
90,116.67,0.72,0.1,6.504e-09,113.4,4.6,16.5,19.4,6.5,-2.5,6.328392e-09
91,116.57,0.72,0.1,6.613e-09,113.3,4.5,14.8,19.4,5.3,-2.7,6.566709e-09
92,116.47,0.72,0.1,6.722e-09,113.2,4.4,10.8,19.3,4.5,-2.8,7.279925999999999e-09
93,116.37,0.72,0.1,6.834e-09,113.2,4.2,9.4,19.2,3.1,-2.8,7.941108e-09
94,116.27,0.72,0.1,6.948e-09,113.1,4.1,9.0,19.2,4.1,-3.3,7.851239999999999e-09
95,116.17,0.72,0.1,7.063e-09,113.0,3.9,8.8,19.1,4.2,-4.2,7.882308000000001e-09
96,116.07,0.72,0.1,7.18e-09,113.0,3.8,5.9,19.0,6.4,-4.6,8.69498e-09
97,115.97,0.72,0.1,7.3e-09,112.9,3.7,5.6,19.0,2.2,-4.4,8.5994e-09
98,115.87,0.72,0.1,7.421e-09,112.8,3.5,6.2,18.9,-0.3,-4.4,9.365302e-09
99,115.77,0.72,0.1,7.545e-09,112.8,3.4,3.2,18.8,-3.2,-5.0,1.0132935000000001e-08
100,115.67,0.72,0.1,7.67e-09,112.7,3.2,4.4,18.7,-5.8,-5.1,1.0216440000000002e-08
101,115.57,0.72,0.1,7.797e-09,112.6,3.1,2.0,18.7,-4.5,-4.4,1.0260852000000001e-08
102,115.47,0.72,0.1,7.927e-09,112.6,3.0,1.7,18.6,-3.7,-4.3,1.0685596e-08
103,115.37,0.72,0.1,8.059e-09,112.5,2.8,0.5,18.5,-2.6,-5.0,1.1274541e-08
104,115.27,0.72,0.1,8.193e-09,112.4,2.7,0.9,18.5,-1.7,-4.5,1.2068289e-08
105,115.17,0.72,0.1,8.329e-09,112.4,2.5,0.7,18.4,-3.2,-4.3,1.2160339999999999e-08
106,115.07,0.72,0.1,8.468e-09,112.3,2.4,-0.1,18.3,-0.3,-4.4,1.2710468e-08
107,114.97,0.72,0.1,8.609e-09,112.2,2.3,-2.2,18.3,1.3,-4.3,1.3206205999999999e-08
108,114.87,0.72,0.1,8.752e-09,112.2,2.1,-3.1,18.2,2.7,-4.5,1.3968192e-08
109,114.77,0.72,0.1,8.897e-09,112.1,2.0,-3.2,18.1,3.9,-4.1,1.4644461999999999e-08
110,114.67,0.72,0.1,9.045e-09,112.0,1.9,1.0,18.0,6.4,-4.4,1.4770484999999998e-08
111,114.57,0.72,0.1,9.196e-09,112.0,1.7,-0.7,18.0,9.0,-4.5,1.5145812000000002e-08
112,114.47,0.72,0.1,9.349e-09,111.9,1.6,0.6,17.9,8.1,-4.7,1.4967748999999998e-08
113,114.37,0.72,0.1,9.505e-09,111.8,1.4,-0.1,17.8,7.2,-4.6,1.5559685e-08
114,114.27,0.72,0.1,9.663e-09,111.8,1.3,-1.0,17.8,7.9,-4.8,1.5499452e-08
115,114.17,0.72,0.1,9.824e-09,111.7,1.2,-1.2,17.7,10.4,-4.4,1.6072064e-08
116,114.07,0.72,0.1,9.987e-09,111.6,1.0,-0.1,17.6,3.5,-4.1,1.6119018000000003e-08
117,113.97,0.72,0.1,1.015e-08,111.6,0.9,1.8,17.6,0.8,-3.7,1.635165e-08
118,113.87,0.72,0.1,1.032e-08,111.5,0.7,-0.9,17.5,-4.0,-4.2,1.601664e-08
119,113.77,0.72,0.1,1.049e-08,111.4,0.6,1.0,17.4,0.1,-4.2,1.692037e-08
120,113.67,0.72,0.1,1.067e-08,111.5,0.5,3.4,17.3,-1.7,-3.3,1.738143e-08
121,113.57,0.72,0.1,1.084e-08,111.5,0.4,4.9,17.2,1.5,-3.6,1.785348e-08
122,113.47,0.72,0.1,1.102e-08,111.5,0.3,3.7,17.0,7.3,-3.0,1.837034e-08
123,113.37,0.72,0.1,1.119e-08,111.5,0.2,2.7,16.9,8.7,-3.1,1.818375e-08
124,113.27,0.72,0.1,1.138e-08,111.5,0.1,2.8,16.8,4.9,-3.4,1.859492e-08
125,113.17,0.72,0.1,1.156e-08,111.5,0.1,-2.3,16.6,3.3,-3.3,1.817232e-08
126,113.07,0.72,0.1,1.175e-08,111.5,-0.0,-0.1,16.5,-2.7,-2.9,1.8482749999999997e-08
127,112.97,0.72,0.1,1.194e-08,111.5,-0.1,0.1,16.4,0.2,-3.0,1.947414e-08
128,112.87,0.72,0.1,1.214e-08,111.6,-0.2,0.7,16.2,0.4,-3.5,1.933902e-08
129,112.77,0.72,0.1,1.233e-08,111.6,-0.3,-0.7,16.1,3.4,-4.3,1.986363e-08
130,112.67,0.72,0.1,1.253e-08,111.6,-0.4,0.3,16.0,1.5,-4.4,1.97974e-08
131,112.57,0.72,0.1,1.274e-08,111.6,-0.5,-1.5,15.8,1.3,-4.5,2.08299e-08
132,112.47,0.72,0.1,1.295e-08,111.6,-0.6,-2.8,15.7,1.2,-4.5,2.047395e-08
133,112.37,0.72,0.1,1.316e-08,111.6,-0.7,-0.4,15.6,-2.1,-4.5,1.952944e-08
134,112.27,0.72,0.1,1.337e-08,111.6,-0.8,-4.1,15.4,-4.4,-4.0,2.052295e-08
135,112.17,0.72,0.1,1.359e-08,111.7,-0.9,-6.9,15.3,-4.7,-3.5,2.05209e-08
136,112.07,0.72,0.1,1.381e-08,111.7,-0.9,-7.1,15.2,-3.9,-3.6,2.162646e-08
137,111.97,0.72,0.1,1.404e-08,111.7,-1.0,-2.6,15.0,-1.7,-3.2,2.179008e-08
138,111.87,0.72,0.1,1.426e-08,111.7,-1.1,-2.2,14.9,0.1,-3.6,2.307268e-08
139,111.77,0.72,0.1,1.45e-08,111.7,-1.2,-1.5,14.8,-1.8,-3.7,2.3620500000000003e-08
140,111.67,0.72,0.1,1.473e-08,111.7,-1.3,-6.0,14.6,-0.1,-3.7,2.393625e-08
141,111.57,0.72,0.1,1.497e-08,111.7,-1.4,-5.1,14.5,-0.2,-3.6,2.4805290000000003e-08
142,111.47,0.72,0.1,1.522e-08,111.7,-1.5,-6.9,14.4,-0.4,-3.9,2.535652e-08
143,111.37,0.72,0.1,1.546e-08,111.8,-1.6,-9.2,14.2,-1.8,-3.9,2.778162e-08
144,111.27,0.72,0.1,1.572e-08,111.8,-1.7,-5.2,14.1,-1.7,-4.4,2.7211320000000004e-08
145,111.17,0.72,0.1,1.597e-08,111.8,-1.8,-9.3,14.0,-4.3,-4.6,2.8091229999999997e-08
146,111.07,0.72,0.1,1.623e-08,111.8,-1.9,-11.3,13.8,-6.2,-5.1,2.942499e-08
147,110.97,0.72,0.1,1.65e-08,111.8,-1.9,-16.2,13.7,-3.6,-5.1,3.0162e-08
148,110.87,0.72,0.1,1.676e-08,111.8,-2.0,-17.4,13.6,-3.9,-5.1,2.9883079999999996e-08
149,110.77,0.72,0.1,1.704e-08,111.8,-2.1,-17.9,13.4,-3.0,-4.9,2.96496e-08
150,110.67,0.72,0.1,1.732e-08,111.9,-2.2,-21.9,13.3,0.1,-4.9,3.138384e-08
151,110.57,0.72,0.1,1.76e-08,111.9,-2.3,-19.6,13.2,0.8,-4.8,3.1679999999999996e-08
152,110.47,0.72,0.1,1.788e-08,111.9,-2.4,-24.9,13.0,3.8,-4.5,3.1683359999999996e-08
153,110.37,0.72,0.11,1.818e-08,111.9,-2.5,-24.4,12.9,4.7,-5.1,3.1651380000000005e-08
154,110.27,0.72,0.11,1.847e-08,111.9,-2.6,-26.2,12.8,5.9,-4.6,3.1472879999999995e-08
155,110.17,0.72,0.11,1.877e-08,111.9,-2.7,-27.4,12.6,8.2,-5.4,3.025724e-08
156,110.07,0.72,0.11,1.908e-08,111.9,-2.8,-29.8,12.5,7.5,-5.4,3.085236e-08
157,109.97,0.72,0.11,1.939e-08,111.9,-2.8,-30.2,12.4,7.1,-5.5,3.1024e-08
158,109.87,0.72,0.11,1.971e-08,112.0,-2.9,-32.0,12.2,10.4,-5.3,3.159513e-08
159,109.77,0.72,0.11,2.003e-08,112.0,-3.0,-31.7,12.1,9.4,-5.0,3.074605e-08
160,109.67,0.72,0.11,2.035e-08,112.0,-3.1,-32.8,12.0,6.4,-4.2,3.0463950000000005e-08
161,109.57,0.72,0.11,2.068e-08,112.0,-3.2,-30.0,11.8,9.5,-4.2,3.01928e-08
162,109.47,0.72,0.11,2.102e-08,112.0,-3.3,-28.2,11.7,6.9,-4.8,3.209754e-08
163,109.37,0.72,0.11,2.136e-08,112.0,-3.4,-30.8,11.6,2.9,-4.7,3.19332e-08
164,109.27,0.72,0.11,2.171e-08,112.0,-3.5,-28.3,11.4,2.1,-4.3,3.2955780000000003e-08
165,109.17,0.72,0.11,2.207e-08,112.1,-3.6,-31.4,11.3,3.4,-4.0,3.4583689999999994e-08
166,109.07,0.72,0.11,2.243e-08,112.1,-3.7,-30.0,11.2,2.1,-3.8,3.326369e-08
167,108.97,0.72,0.11,2.279e-08,112.1,-3.8,-27.7,11.0,2.0,-3.9,3.284039e-08
168,108.87,0.72,0.11,2.316e-08,112.1,-3.8,-29.4,10.9,2.9,-3.6,3.263244e-08
169,108.77,0.72,0.11,2.354e-08,112.1,-3.9,-30.9,10.8,2.2,-3.5,3.432132e-08
170,108.67,0.72,0.11,2.39e-08,112.2,-4.0,-33.7,10.6,3.1,-3.3,3.43443e-08
171,108.57,0.72,0.11,2.427e-08,112.3,-4.0,-33.9,10.5,2.6,-2.2,3.2206290000000004e-08
172,108.47,0.72,0.11,2.465e-08,112.3,-4.0,-31.4,10.3,3.2,-1.7,3.2759849999999995e-08
173,108.37,0.72,0.11,2.503e-08,112.4,-4.0,-32.1,10.2,2.8,-1.8,3.381553e-08
174,108.27,0.72,0.11,2.542e-08,112.5,-4.0,-29.6,10.1,-0.7,-2.0,3.1775e-08
175,108.17,0.72,0.11,2.581e-08,112.5,-4.1,-27.6,9.9,1.0,-2.5,2.893301e-08
176,108.07,0.72,0.11,2.621e-08,112.6,-4.1,-25.3,9.8,3.8,-2.6,3.011529e-08
177,107.97,0.72,0.11,2.661e-08,112.7,-4.1,-26.1,9.6,3.9,-3.2,3.21981e-08
178,107.87,0.72,0.11,2.702e-08,112.8,-4.1,-25.4,9.5,4.0,-2.6,3.191062e-08
179,107.77,0.72,0.11,2.744e-08,112.8,-4.1,-24.5,9.4,0.6,-2.9,3.45744e-08
180,107.67,0.72,0.11,2.787e-08,112.9,-4.1,-26.0,9.2,-3.5,-2.9,3.609165e-08
181,107.57,0.72,0.11,2.83e-08,113.0,-4.2,-25.0,9.1,-3.6,-2.7,3.6139099999999996e-08
182,107.47,0.72,0.11,2.873e-08,113.0,-4.2,-23.0,8.9,-3.8,-2.6,3.637218e-08
183,107.37,0.72,0.11,2.918e-08,113.1,-4.2,-23.9,8.8,-2.9,-2.7,3.4665839999999996e-08
184,107.27,0.72,0.11,2.963e-08,113.2,-4.2,-21.6,8.6,-1.1,-3.5,3.514118e-08
185,107.17,0.72,0.11,3.009e-08,113.3,-4.2,-23.4,8.5,1.5,-3.4,3.4723859999999996e-08
186,107.07,0.72,0.11,3.055e-08,113.3,-4.3,-23.0,8.4,6.0,-2.9,3.412435e-08
187,106.97,0.72,0.11,3.103e-08,113.4,-4.3,-19.1,8.2,7.4,-3.0,3.469154e-08
188,106.87,0.72,0.11,3.15e-08,113.5,-4.3,-15.7,8.1,6.2,-3.5,3.56265e-08
189,106.77,0.72,0.11,3.199e-08,113.5,-4.3,-18.2,7.9,5.4,-3.4,3.640461999999999e-08
190,106.67,0.72,0.11,3.249e-08,113.6,-4.3,-19.4,7.8,4.4,-2.9,3.580398000000001e-08
191,106.57,0.72,0.11,3.299e-08,113.7,-4.4,-19.0,7.7,2.2,-3.4,3.559621e-08
192,106.47,0.72,0.11,3.35e-08,113.8,-4.4,-19.4,7.5,-0.9,-3.3,3.77545e-08
193,106.37,0.72,0.11,3.402e-08,113.8,-4.4,-20.5,7.4,-2.8,-3.6,3.789828000000001e-08
194,106.27,0.72,0.11,3.454e-08,113.9,-4.4,-20.1,7.2,-1.5,-3.8,3.751044e-08
195,106.17,0.72,0.11,3.508e-08,114.0,-4.4,-19.1,7.1,-1.4,-3.7,3.8167040000000006e-08
196,106.07,0.72,0.11,3.562e-08,114.0,-4.5,-17.4,7.0,-0.8,-3.9,3.583372e-08
197,105.97,0.72,0.11,3.617e-08,114.1,-4.5,-18.3,6.8,2.9,-4.3,3.598915e-08
198,105.87,0.72,0.11,3.673e-08,114.2,-4.5,-18.9,6.7,0.1,-3.3,3.7905359999999997e-08
199,105.77,0.72,0.11,3.73e-08,114.3,-4.5,-18.0,6.5,1.5,-3.0,3.61437e-08
200,105.67,0.72,0.11,3.787e-08,114.3,-4.5,-21.6,6.4,2.2,-3.6,3.434809e-08
201,105.57,0.72,0.11,3.846e-08,114.4,-4.5,-21.7,6.3,2.0,-3.1,3.303714e-08
202,105.47,0.72,0.11,3.906e-08,114.5,-4.6,-21.1,6.1,-1.8,-3.3,3.402126e-08
203,105.37,0.72,0.11,3.966e-08,114.5,-4.6,-20.6,6.0,-3.4,-3.7,3.343338e-08
204,105.27,0.72,0.11,4.027e-08,114.6,-4.6,-17.3,5.8,-5.1,-3.3,3.3303290000000004e-08
205,105.17,0.72,0.11,4.09e-08,114.7,-4.6,-15.6,5.7,-6.6,-2.8,3.46423e-08
206,105.07,0.72,0.11,4.153e-08,114.8,-4.6,-13.3,5.6,-9.2,-2.8,3.422072e-08
207,104.97,0.72,0.11,4.217e-08,114.8,-4.7,-15.4,5.4,-12.6,-2.9,3.512761e-08
208,104.87,0.72,0.11,4.282e-08,114.9,-4.7,-17.2,5.3,-12.0,-3.1,3.66111e-08
209,104.77,0.72,0.11,4.349e-08,115.0,-4.7,-17.7,5.1,-12.3,-3.1,3.622717e-08
210,104.67,0.72,0.11,4.416e-08,115.0,-4.7,-18.7,5.0,-11.0,-2.5,3.925824e-08
211,104.57,0.72,0.11,4.484e-08,115.1,-4.7,-18.8,4.9,-11.2,-2.2,4.219444e-08
212,104.47,0.72,0.11,4.554e-08,115.2,-4.8,-19.8,4.7,-13.2,-2.5,4.1395860000000004e-08
213,104.37,0.72,0.11,4.624e-08,115.3,-4.8,-19.3,4.6,-13.2,-2.7,3.9304e-08
214,104.27,0.72,0.11,4.696e-08,115.3,-4.8,-17.1,4.4,-14.7,-3.2,3.8929839999999994e-08
215,104.17,0.72,0.11,4.768e-08,115.4,-4.8,-16.8,4.3,-17.6,-3.3,4.238752e-08
216,104.07,0.72,0.11,4.842e-08,115.5,-4.8,-17.6,4.2,-14.9,-3.3,4.6870559999999995e-08
217,103.97,0.72,0.11,4.917e-08,115.5,-4.9,-18.8,4.0,-14.9,-3.3,4.636731e-08
218,103.87,0.72,0.11,4.993e-08,115.6,-4.9,-20.4,3.9,-14.1,-3.3,5.037936999999999e-08
219,103.77,0.72,0.11,5.07e-08,115.7,-4.9,-21.6,3.7,-14.0,-3.8,5.3285699999999995e-08
220,103.67,0.72,0.11,5.146e-08,115.8,-4.9,-21.9,3.6,-12.9,-3.5,5.2643579999999997e-08
221,103.57,0.72,0.11,5.223e-08,115.9,-4.8,-19.4,3.5,-6.6,-3.0,5.729631e-08
222,103.47,0.72,0.11,5.301e-08,115.9,-4.8,-17.1,3.4,-8.3,-2.9,6.053742e-08
223,103.37,0.72,0.11,5.38e-08,116.0,-4.8,-14.6,3.3,-5.3,-3.0,5.7404599999999995e-08
224,103.27,0.72,0.11,5.46e-08,116.1,-4.8,-13.8,3.2,-7.4,-2.6,5.8258199999999996e-08
225,103.17,0.72,0.11,5.542e-08,116.2,-4.8,-14.5,3.0,-8.8,-1.9,6.362216e-08
226,103.07,0.72,0.11,5.624e-08,116.3,-4.7,-9.8,2.9,-11.7,-1.7,6.52384e-08
227,102.97,0.72,0.11,5.708e-08,116.4,-4.7,-11.0,2.8,-11.1,-1.5,6.684068e-08
228,102.87,0.72,0.11,5.793e-08,116.5,-4.7,-15.1,2.7,-11.5,-1.9,7.044288e-08
229,102.77,0.72,0.11,5.88e-08,116.6,-4.7,-13.4,2.6,-11.7,-1.7,7.5558e-08
230,102.67,0.72,0.11,5.968e-08,116.6,-4.7,-12.0,2.5,-14.3,-1.6,7.615168000000001e-08
231,102.57,0.72,0.11,6.057e-08,116.7,-4.6,-14.7,2.3,-15.3,-1.3,7.740846000000001e-08
232,102.47,0.72,0.11,6.147e-08,116.8,-4.6,-12.9,2.2,-17.2,-1.7,7.788248999999999e-08
233,102.37,0.72,0.11,6.239e-08,116.9,-4.6,-15.7,2.1,-13.5,-2.0,7.748838e-08
234,102.27,0.72,0.11,6.332e-08,117.0,-4.6,-15.8,2.0,-14.9,-2.0,7.737704e-08
235,102.17,0.72,0.11,6.427e-08,117.1,-4.6,-14.1,1.9,-12.7,-2.4,8.322965e-08
236,102.07,0.72,0.11,6.523e-08,117.2,-4.5,-17.3,1.7,-15.2,-2.9,8.558176e-08
237,101.97,0.72,0.11,6.62e-08,117.3,-4.5,-18.7,1.6,-15.6,-3.3,8.546419999999999e-08
238,101.87,0.72,0.11,6.719e-08,117.3,-4.5,-14.8,1.5,-15.9,-2.8,7.995609999999998e-08
239,101.77,0.72,0.11,6.819e-08,117.4,-4.5,-14.0,1.4,-17.5,-2.6,8.141886e-08
240,101.67,0.72,0.11,6.921e-08,117.5,-4.5,-11.2,1.3,-16.2,-2.2,8.056044e-08
241,101.57,0.72,0.11,7.024e-08,117.6,-4.4,-11.9,1.2,-12.3,-1.9,8.302368e-08
242,101.47,0.72,0.11,7.129e-08,117.7,-4.4,-13.6,1.0,-13.8,-2.3,8.497768e-08
243,101.37,0.72,0.11,7.236e-08,117.8,-4.4,-11.2,0.9,-9.6,-1.9,8.321399999999999e-08
244,101.27,0.72,0.12,7.344e-08,117.9,-4.4,-11.9,0.8,-10.8,-1.4,7.946208000000001e-08
245,101.17,0.72,0.12,7.454e-08,118.0,-4.4,-14.1,0.7,-10.0,-1.3,7.923602e-08
246,101.07,0.72,0.12,7.565e-08,118.0,-4.3,-16.0,0.6,-8.4,-1.5,8.253415e-08
247,100.97,0.72,0.12,7.678e-08,118.1,-4.3,-16.2,0.5,-8.7,-1.7,7.678e-08
248,100.87,0.72,0.12,7.793e-08,118.2,-4.3,-16.5,0.3,-7.5,-1.9,7.894308999999999e-08
249,100.77,0.72,0.12,7.909e-08,118.3,-4.3,-20.9,0.2,-5.6,-1.8,8.549628999999999e-08
250,100.67,0.72,0.12,8.027e-08,118.4,-4.3,-18.5,0.1,-6.7,-2.4,8.629025e-08
251,100.57,0.72,0.12,8.147e-08,118.5,-4.2,-20.4,-0.0,-7.8,-2.6,9.132787e-08
252,100.47,0.72,0.12,8.269e-08,118.6,-4.2,-22.0,-0.1,-9.2,-2.3,9.542425999999998e-08
253,100.37,0.72,0.12,8.393e-08,118.7,-4.2,-23.5,-0.2,-10.5,-2.4,9.484089999999999e-08
254,100.27,0.72,0.12,8.518e-08,118.7,-4.2,-24.9,-0.4,-9.7,-2.4,9.446462e-08
255,100.17,0.72,0.12,8.645e-08,118.8,-4.2,-22.3,-0.5,-12.9,-2.7,9.5095e-08
256,100.07,0.72,0.12,8.775e-08,118.9,-4.1,-22.4,-0.6,-10.0,-2.5,9.529650000000001e-08
257,99.97,0.72,0.12,8.906e-08,119.0,-4.1,-23.6,-0.7,-10.5,-2.0,9.867848000000001e-08
258,99.87,0.72,0.12,9.039e-08,119.1,-4.1,-22.7,-0.8,-10.3,-2.6,9.979056000000002e-08
259,99.77,0.72,0.12,9.174e-08,119.2,-4.1,-20.4,-0.9,-10.0,-2.1,1.0559274000000001e-07
260,99.67,0.72,0.12,9.311e-08,119.3,-4.1,-18.1,-1.1,-7.8,-2.2,1.0353832000000002e-07
261,99.57,0.72,0.12,9.45e-08,119.3,-4.0,-19.6,-1.2,-7.9,-2.6,1.100925e-07
262,99.47,0.72,0.12,9.591e-08,119.4,-4.0,-23.9,-1.3,-8.8,-2.0,1.15092e-07
263,99.37,0.72,0.12,9.735e-08,119.5,-4.0,-27.4,-1.4,-9.6,-1.7,1.1652795e-07
264,99.27,0.72,0.12,9.88e-08,119.6,-4.0,-28.1,-1.5,-7.9,-1.7,1.192516e-07
265,99.17,0.72,0.12,1.003e-07,119.7,-4.0,-26.9,-1.7,-6.3,-1.9,1.239708e-07
266,99.07,0.72,0.12,1.018e-07,119.8,-3.9,-27.3,-1.8,-6.4,-1.3,1.220582e-07
267,98.97,0.72,0.12,1.033e-07,119.9,-3.9,-30.2,-1.9,-7.2,-1.6,1.241666e-07
268,98.87,0.72,0.12,1.048e-07,120.0,-3.9,-29.7,-2.0,-5.2,-1.3,1.3529679999999999e-07
269,98.77,0.72,0.12,1.064e-07,120.0,-3.9,-29.1,-2.1,-5.1,-1.6,1.328936e-07
270,98.67,0.72,0.12,1.08e-07,120.1,-3.8,-28.2,-2.2,-6.0,-1.8,1.3251600000000002e-07
271,98.57,0.72,0.12,1.095e-07,120.2,-3.8,-28.3,-2.3,-7.7,-1.7,1.2483e-07
272,98.47,0.72,0.12,1.111e-07,120.3,-3.8,-32.9,-2.4,-7.2,-1.4,1.2376540000000002e-07
273,98.37,0.72,0.12,1.127e-07,120.3,-3.7,-37.9,-2.5,-8.1,-1.8,1.280272e-07
274,98.27,0.72,0.12,1.143e-07,120.4,-3.7,-34.2,-2.6,-9.3,-1.2,1.319022e-07
275,98.17,0.72,0.12,1.16e-07,120.5,-3.7,-35.6,-2.6,-9.3,-1.1,1.2609200000000001e-07
276,98.07,0.72,0.12,1.177e-07,120.5,-3.6,-34.5,-2.7,-12.5,-0.8,1.1923009999999998e-07
277,97.97,0.72,0.12,1.194e-07,120.6,-3.6,-32.7,-2.8,-9.8,-0.8,1.30146e-07
278,97.87,0.72,0.12,1.211e-07,120.7,-3.6,-33.1,-2.9,-10.8,-1.0,1.336944e-07
279,97.77,0.72,0.12,1.228e-07,120.8,-3.5,-30.4,-3.0,-10.3,-1.1,1.386412e-07
280,97.67,0.72,0.12,1.246e-07,120.8,-3.5,-30.2,-3.1,-9.3,-0.7,1.483986e-07
281,97.57,0.72,0.12,1.264e-07,120.9,-3.5,-30.4,-3.1,-9.7,-0.5,1.51048e-07
282,97.47,0.72,0.12,1.283e-07,121.0,-3.4,-32.2,-3.2,-9.8,-0.9,1.5947690000000003e-07
283,97.37,0.72,0.12,1.301e-07,121.0,-3.4,-33.6,-3.3,-10.9,-0.6,1.661377e-07
284,97.27,0.72,0.12,1.32e-07,121.1,-3.4,-33.7,-3.4,-9.2,-0.8,1.6829999999999997e-07
285,97.17,0.72,0.12,1.339e-07,121.2,-3.3,-32.2,-3.5,-13.3,-0.2,1.592071e-07
286,97.07,0.72,0.12,1.358e-07,121.3,-3.3,-34.4,-3.6,-11.0,-0.6,1.6771300000000004e-07
287,96.97,0.72,0.12,1.378e-07,121.3,-3.2,-28.6,-3.7,-12.3,-0.5,1.699074e-07
288,96.87,0.72,0.12,1.398e-07,121.4,-3.2,-32.6,-3.7,-12.9,-0.9,1.723734e-07
289,96.77,0.72,0.12,1.418e-07,121.5,-3.2,-34.1,-3.8,-14.4,-0.9,1.8604160000000002e-07
290,96.67,0.72,0.12,1.439e-07,121.6,-3.1,-35.1,-3.9,-12.4,-0.6,1.8922850000000002e-07
291,96.57,0.72,0.12,1.46e-07,121.6,-3.1,-33.8,-4.0,-13.4,-0.2,2.0075000000000002e-07
292,96.47,0.72,0.12,1.481e-07,121.7,-3.1,-32.6,-4.1,-15.2,-0.2,2.048223e-07
293,96.37,0.72,0.12,1.502e-07,121.8,-3.0,-34.7,-4.2,-13.8,-0.3,2.1643820000000003e-07
294,96.27,0.72,0.12,1.524e-07,121.8,-3.0,-34.1,-4.3,-10.0,-0.9,2.1701759999999997e-07
295,96.17,0.72,0.12,1.546e-07,121.9,-3.0,-33.6,-4.3,-8.5,-0.9,2.1984119999999997e-07
296,96.07,0.72,0.12,1.568e-07,122.0,-2.9,-35.6,-4.4,-7.6,-0.4,2.350432e-07
297,95.97,0.72,0.12,1.591e-07,122.1,-2.9,-34.0,-4.5,-7.3,-0.7,2.378545e-07
298,95.87,0.72,0.12,1.614e-07,122.1,-2.9,-31.4,-4.6,-7.6,-0.5,2.37258e-07
299,95.77,0.72,0.12,1.637e-07,122.2,-2.8,-28.3,-4.7,-8.8,-0.1,2.3932939999999995e-07
300,95.67,0.72,0.12,1.661e-07,122.3,-2.8,-28.4,-4.8,-9.8,-0.2,2.518076e-07
301,95.57,0.72,0.12,1.685e-07,122.3,-2.7,-28.3,-4.9,-10.6,0.3,2.3472050000000001e-07
302,95.47,0.72,0.12,1.709e-07,122.4,-2.7,-29.5,-4.9,-8.7,0.6,2.267843e-07
303,95.37,0.72,0.12,1.734e-07,122.5,-2.7,-30.2,-5.0,-12.7,0.7,2.2455299999999999e-07
304,95.27,0.72,0.12,1.759e-07,122.6,-2.6,-32.2,-5.1,-14.1,0.2,2.3253980000000003e-07
305,95.17,0.72,0.12,1.785e-07,122.6,-2.6,-34.6,-5.2,-15.3,-0.2,2.30265e-07
306,95.07,0.72,0.12,1.81e-07,122.7,-2.6,-32.2,-5.3,-14.3,0.5,2.36386e-07
307,94.97,0.72,0.12,1.837e-07,122.8,-2.5,-34.9,-5.4,-15.6,0.3,2.309109e-07
308,94.87,0.72,0.12,1.863e-07,122.8,-2.5,-34.7,-5.5,-13.7,0.3,2.3343389999999998e-07
309,94.77,0.72,0.12,1.89e-07,122.9,-2.5,-31.9,-5.5,-13.3,0.8,2.18862e-07
310,94.67,0.72,0.12,1.918e-07,123.0,-2.4,-29.5,-5.6,-14.7,0.7,2.230634e-07
311,94.57,0.72,0.12,1.945e-07,123.1,-2.4,-29.6,-5.7,-15.4,0.4,2.2173e-07
312,94.47,0.72,0.12,1.974e-07,123.1,-2.4,-28.1,-5.8,-14.9,1.1,2.1635040000000002e-07
313,94.37,0.72,0.12,2.002e-07,123.2,-2.3,-27.1,-5.9,-13.5,1.7,2.256254e-07
314,94.27,0.72,0.12,2.031e-07,123.3,-2.3,-26.1,-6.0,-16.1,1.6,2.360022e-07
315,94.17,0.72,0.12,2.06e-07,123.3,-2.2,-29.5,-6.1,-14.3,1.4,2.34222e-07
316,94.07,0.72,0.12,2.09e-07,123.4,-2.2,-28.6,-6.1,-13.1,1.8,2.3157200000000003e-07
317,93.97,0.72,0.12,2.121e-07,123.5,-2.2,-25.5,-6.2,-14.2,1.8,2.4752070000000003e-07
318,93.87,0.72,0.12,2.151e-07,123.6,-2.1,-26.3,-6.3,-16.7,1.6,2.587653e-07
319,93.77,0.72,0.12,2.182e-07,123.6,-2.1,-27.1,-6.4,-17.1,1.2,2.7253180000000004e-07
320,93.67,0.72,0.12,2.219e-07,123.7,-2.1,-26.8,-6.4,-18.3,1.3,2.736027e-07
321,93.57,0.72,0.12,2.257e-07,123.7,-2.0,-27.9,-6.5,-18.9,2.2,2.715171e-07
322,93.47,0.72,0.12,2.295e-07,123.8,-2.0,-26.5,-6.5,-21.3,2.1,2.67597e-07
323,93.37,0.72,0.12,2.334e-07,123.9,-2.0,-26.2,-6.5,-19.3,1.8,2.838144e-07
324,93.27,0.72,0.12,2.374e-07,123.9,-1.9,-25.0,-6.6,-17.6,2.6,2.891532e-07
325,93.17,0.72,0.12,2.414e-07,124.0,-1.9,-23.3,-6.6,-14.3,2.7,2.918526e-07
326,93.07,0.72,0.12,2.455e-07,124.0,-1.9,-23.5,-6.6,-15.0,3.2,2.88708e-07
327,92.97,0.72,0.12,2.497e-07,124.1,-1.9,-22.6,-6.7,-16.0,3.7,2.759185e-07
328,92.87,0.72,0.12,2.539e-07,124.2,-1.8,-21.7,-6.7,-17.1,3.8,2.7624320000000006e-07
329,92.77,0.72,0.12,2.582e-07,124.2,-1.8,-21.2,-6.7,-17.6,3.7,2.8660200000000004e-07
330,92.67,0.72,0.12,2.626e-07,124.3,-1.8,-19.9,-6.8,-18.6,3.6,2.8229499999999995e-07
331,92.57,0.72,0.12,2.67e-07,124.3,-1.7,-20.6,-6.8,-19.8,3.1,2.90229e-07
332,92.47,0.72,0.12,2.715e-07,124.4,-1.7,-18.8,-6.8,-18.9,2.8,3.07338e-07
333,92.37,0.72,0.12,2.762e-07,124.5,-1.7,-20.0,-6.9,-20.5,2.0,3.0216280000000005e-07
334,92.27,0.72,0.12,2.808e-07,124.5,-1.6,-19.4,-6.9,-17.8,2.2,3.0494880000000003e-07
335,92.17,0.72,0.13,2.856e-07,124.6,-1.6,-24.1,-6.9,-17.4,2.0,3.0759120000000003e-07
336,92.07,0.72,0.13,2.904e-07,124.6,-1.6,-20.6,-7.0,-18.0,1.7,3.0666240000000004e-07
337,91.97,0.72,0.13,2.954e-07,124.7,-1.5,-21.5,-7.0,-18.8,2.1,3.1312400000000004e-07
338,91.87,0.72,0.13,3.004e-07,124.7,-1.5,-21.8,-7.0,-16.9,1.4,3.0881120000000004e-07
339,91.77,0.72,0.13,3.055e-07,124.8,-1.5,-22.9,-7.1,-12.4,1.5,3.15276e-07
340,91.67,0.72,0.13,3.106e-07,124.9,-1.4,-20.3,-7.1,-11.3,1.7,3.329632e-07
341,91.57,0.72,0.13,3.159e-07,124.9,-1.4,-19.8,-7.1,-12.5,1.9,3.3927660000000006e-07
342,91.47,0.72,0.13,3.213e-07,125.0,-1.4,-23.3,-7.2,-10.3,1.6,3.357585e-07
343,91.37,0.72,0.13,3.267e-07,125.0,-1.4,-24.0,-7.2,-9.1,1.8,3.3486749999999996e-07
344,91.27,0.72,0.13,3.323e-07,125.1,-1.3,-23.7,-7.2,-9.6,1.9,3.303062e-07
345,91.17,0.72,0.13,3.379e-07,125.2,-1.3,-23.3,-7.3,-8.9,2.3,3.365484e-07
346,91.07,0.72,0.13,3.436e-07,125.2,-1.3,-24.1,-7.3,-8.5,2.3,3.356972e-07
347,90.97,0.72,0.13,3.495e-07,125.3,-1.2,-23.1,-7.3,-11.5,2.4,3.26433e-07
348,90.87,0.72,0.13,3.554e-07,125.3,-1.2,-23.2,-7.4,-8.2,2.2,3.26968e-07
349,90.77,0.72,0.13,3.614e-07,125.4,-1.2,-23.0,-7.4,-12.4,2.3,3.202004e-07
350,90.67,0.72,0.13,3.675e-07,125.5,-1.1,-22.3,-7.4,-12.1,2.1,3.1641749999999995e-07
351,90.57,0.72,0.13,3.738e-07,125.5,-1.1,-20.6,-7.5,-12.5,2.2,3.210942e-07
352,90.47,0.72,0.13,3.801e-07,125.6,-1.1,-18.8,-7.5,-12.6,2.2,3.45891e-07
353,90.37,0.72,0.13,3.866e-07,125.6,-1.0,-17.3,-7.5,-12.0,2.2,3.6765659999999995e-07
354,90.27,0.72,0.13,3.931e-07,125.7,-1.0,-18.9,-7.6,-10.5,2.4,3.589003e-07
355,90.17,0.72,0.13,3.998e-07,125.8,-1.0,-19.4,-7.6,-11.2,2.3,3.590204e-07
356,90.07,0.72,0.13,4.066e-07,125.8,-1.0,-16.9,-7.6,-12.3,2.0,3.541486e-07
357,89.97,0.72,0.13,4.135e-07,125.9,-0.9,-16.2,-7.7,-17.6,2.4,3.66361e-07
358,89.87,0.72,0.13,4.205e-07,125.9,-0.9,-19.6,-7.7,-17.5,2.3,3.4607149999999996e-07
359,89.77,0.72,0.13,4.276e-07,126.0,-0.9,-19.0,-7.7,-16.7,2.5,3.407972e-07
360,89.67,0.72,0.13,4.349e-07,126.0,-0.8,-17.9,-7.8,-16.5,2.6,3.440059e-07
361,89.57,0.72,0.13,4.423e-07,126.1,-0.8,-17.7,-7.8,-16.9,2.2,3.352634e-07
362,89.47,0.72,0.13,4.498e-07,126.2,-0.8,-17.5,-7.8,-17.4,2.1,3.369002e-07
363,89.37,0.72,0.13,4.574e-07,126.2,-0.7,-16.3,-7.9,-17.0,2.0,3.238392e-07
364,89.27,0.72,0.13,4.651e-07,126.3,-0.7,-16.0,-7.9,-15.7,1.6,3.274304e-07
365,89.17,0.72,0.13,4.73e-07,126.3,-0.7,-14.1,-7.9,-16.0,1.7,3.1832900000000004e-07
366,89.07,0.72,0.13,4.811e-07,126.4,-0.6,-15.3,-8.0,-13.6,1.8,3.2281810000000007e-07
367,88.97,0.72,0.13,4.892e-07,126.5,-0.6,-17.3,-8.0,-13.2,1.6,3.096636e-07
368,88.87,0.72,0.13,4.975e-07,126.5,-0.6,-17.5,-8.0,-14.7,1.3,3.179025e-07
369,88.77,0.72,0.13,5.06e-07,126.6,-0.5,-16.6,-8.1,-15.6,1.1,3.1625e-07
370,88.67,0.72,0.13,5.186e-07,126.7,-0.5,-16.0,-8.1,-16.1,1.4,3.21532e-07
371,88.57,0.72,0.13,5.316e-07,126.8,-0.5,-16.3,-8.0,-11.4,1.2,3.37566e-07
372,88.47,0.72,0.13,5.449e-07,126.8,-0.5,-15.9,-8.0,-11.0,1.6,3.3947269999999996e-07
373,88.37,0.72,0.13,5.586e-07,126.9,-0.5,-16.8,-8.0,-10.4,0.9,3.301326e-07
374,88.27,0.72,0.13,5.726e-07,127.0,-0.5,-16.3,-8.0,-13.4,1.5,3.361162e-07
375,88.17,0.72,0.13,5.87e-07,127.1,-0.5,-14.0,-8.0,-11.8,1.6,3.4926499999999997e-07
376,88.07,0.72,0.13,6.018e-07,127.2,-0.5,-15.6,-8.0,-14.0,1.9,3.4904399999999996e-07
377,87.97,0.72,0.13,6.169e-07,127.3,-0.5,-15.8,-8.0,-12.2,1.7,3.6890619999999997e-07
378,87.87,0.72,0.13,6.323e-07,127.4,-0.5,-15.7,-8.0,-11.7,1.9,3.559848999999999e-07
379,87.77,0.72,0.13,6.482e-07,127.5,-0.5,-15.0,-8.0,-10.7,2.0,3.869754e-07
380,87.67,0.72,0.13,6.645e-07,127.5,-0.5,-12.7,-7.9,-11.5,1.9,4.1730599999999996e-07
381,87.57,0.72,0.13,6.812e-07,127.6,-0.5,-12.1,-7.9,-12.3,1.5,4.4891080000000006e-07
382,87.47,0.72,0.13,6.983e-07,127.7,-0.5,-11.7,-7.9,-14.3,1.6,4.678610000000001e-07
383,87.37,0.72,0.13,7.158e-07,127.8,-0.5,-13.1,-7.9,-14.7,1.7,5.089338e-07
384,87.27,0.72,0.13,7.338e-07,127.9,-0.5,-12.8,-7.9,-16.9,1.5,5.209979999999999e-07
385,87.17,0.72,0.13,7.522e-07,128.0,-0.5,-11.8,-7.9,-16.8,1.6,5.099916e-07
386,87.07,0.72,0.13,7.711e-07,128.1,-0.5,-11.4,-7.9,-16.9,1.6,5.081549e-07
387,86.97,0.72,0.13,7.904e-07,128.2,-0.5,-8.9,-7.9,-15.9,1.9,4.94e-07
388,86.87,0.72,0.13,8.103e-07,128.3,-0.5,-7.9,-7.9,-14.6,2.4,5.129199e-07
389,86.77,0.72,0.13,8.306e-07,128.3,-0.5,-7.0,-7.9,-15.8,2.5,5.390594000000001e-07
390,86.67,0.72,0.13,8.515e-07,128.4,-0.5,-7.2,-7.8,-16.0,2.6,5.934955e-07
391,86.57,0.72,0.13,8.729e-07,128.5,-0.5,-4.4,-7.8,-16.0,2.7,5.839701000000001e-07
392,86.47,0.72,0.13,8.948e-07,128.6,-0.5,-4.0,-7.8,-15.4,2.4,5.90568e-07
393,86.37,0.72,0.13,9.173e-07,128.7,-0.5,0.3,-7.8,-15.1,2.4,5.971623e-07
394,86.27,0.72,0.13,9.403e-07,128.8,-0.5,-0.9,-7.8,-14.3,2.9,6.30001e-07
395,86.17,0.72,0.13,9.639e-07,128.9,-0.5,-0.7,-7.8,-10.9,3.1,6.255711e-07
396,86.07,0.72,0.13,9.881e-07,129.0,-0.5,-2.7,-7.8,-7.5,2.9,6.165743999999999e-07
397,85.97,0.72,0.13,1.013e-06,129.0,-0.5,-3.6,-7.8,-6.0,2.2,6.03748e-07
398,85.87,0.72,0.13,1.038e-06,129.1,-0.5,-4.2,-7.8,-5.8,2.7,6.40446e-07
399,85.77,0.72,0.13,1.064e-06,129.2,-0.5,-3.4,-7.7,-6.5,2.5,6.564880000000001e-07
400,85.67,0.72,0.13,1.091e-06,129.3,-0.5,-6.2,-7.7,-4.8,1.7,6.44781e-07
401,85.57,0.72,0.13,1.119e-06,129.4,-0.5,-6.5,-7.7,-6.5,1.4,6.68043e-07
402,85.47,0.72,0.13,1.147e-06,129.5,-0.5,-7.8,-7.7,-7.4,1.7,7.46697e-07
403,85.37,0.72,0.13,1.175e-06,129.6,-0.5,-7.0,-7.7,-7.9,2.1,7.567e-07
404,85.27,0.72,0.13,1.205e-06,129.7,-0.5,-9.4,-7.7,-9.0,1.8,7.6638e-07
405,85.17,0.72,0.13,1.235e-06,129.7,-0.5,-7.8,-7.7,-8.5,2.0,8.11395e-07
406,85.07,0.72,0.13,1.266e-06,129.8,-0.5,-7.1,-7.7,-11.7,2.1,8.380920000000001e-07
407,84.97,0.72,0.13,1.298e-06,129.9,-0.5,-7.2,-7.7,-12.2,2.5,8.90428e-07
408,84.87,0.72,0.13,1.331e-06,130.0,-0.5,-6.7,-7.7,-13.7,2.7,9.54327e-07
409,84.77,0.72,0.13,1.364e-06,130.1,-0.5,-6.5,-7.6,-10.5,2.3,9.62984e-07
410,84.67,0.72,0.13,1.398e-06,130.2,-0.5,-4.7,-7.6,-12.6,2.5,1.038714e-06
411,84.57,0.72,0.13,1.434e-06,130.3,-0.5,-6.1,-7.6,-12.4,3.4,1.0410839999999998e-06
412,84.47,0.72,0.13,1.47e-06,130.4,-0.5,-7.6,-7.6,-13.2,3.6,1.0716299999999998e-06
413,84.37,0.72,0.13,1.506e-06,130.5,-0.5,-7.8,-7.6,-15.6,3.2,1.073778e-06
414,84.27,0.72,0.13,1.544e-06,130.5,-0.5,-7.2,-7.6,-14.9,3.5,1.122488e-06
415,84.17,0.72,0.13,1.583e-06,130.6,-0.5,-7.3,-7.6,-15.0,3.6,1.1318449999999999e-06
416,84.07,0.72,0.13,1.623e-06,130.7,-0.5,-6.0,-7.6,-14.1,4.2,1.097148e-06
417,83.97,0.72,0.13,1.664e-06,130.8,-0.5,-8.9,-7.6,-15.6,3.9,1.109888e-06
418,83.87,0.72,0.13,1.705e-06,130.9,-0.5,-8.4,-7.5,-15.6,3.9,1.1406450000000001e-06
419,83.77,0.72,0.13,1.748e-06,131.0,-0.5,-10.0,-7.5,-14.4,4.2,1.2201039999999999e-06
420,83.67,0.72,0.13,1.768e-06,130.8,-0.1,-10.6,-7.2,-10.9,4.0,1.22876e-06
421,83.57,0.72,0.13,1.787e-06,130.7,0.2,-10.4,-6.8,-9.3,3.8,1.249113e-06
422,83.47,0.72,0.13,1.806e-06,130.6,0.6,-8.4,-6.5,-9.6,3.3,1.285872e-06
423,83.37,0.72,0.13,1.825e-06,130.4,0.9,-6.3,-6.1,-9.1,3.5,1.3359e-06
424,83.27,0.72,0.13,1.845e-06,130.3,1.3,-8.1,-5.7,-8.8,3.4,1.3025699999999998e-06
425,83.17,0.72,0.13,1.865e-06,130.1,1.7,-6.9,-5.4,-9.8,3.9,1.2793900000000001e-06
426,83.07,0.72,0.14,1.885e-06,130.0,2.0,-7.6,-5.0,-9.3,3.9,1.3176149999999999e-06
427,82.97,0.72,0.14,1.905e-06,129.8,2.4,-6.5,-4.7,-9.4,3.7,1.28016e-06
428,82.87,0.72,0.14,1.926e-06,129.7,2.7,-5.2,-4.3,-9.9,4.0,1.3424219999999998e-06
429,82.77,0.72,0.14,1.947e-06,129.5,3.1,-4.2,-4.0,-9.8,3.8,1.397946e-06
430,82.67,0.72,0.14,1.968e-06,129.4,3.4,-6.2,-3.6,-8.4,3.7,1.424832e-06
431,82.57,0.72,0.14,1.989e-06,129.2,3.8,-6.0,-3.2,-9.2,3.8,1.368432e-06
432,82.47,0.72,0.14,2.01e-06,129.1,4.2,-5.6,-2.9,-6.6,4.1,1.3889099999999998e-06
433,82.37,0.72,0.14,2.032e-06,129.0,4.5,-9.6,-2.5,-5.7,4.2,1.3594080000000003e-06
434,82.27,0.72,0.14,2.054e-06,128.8,4.9,-10.2,-2.2,-7.3,3.7,1.378234e-06
435,82.17,0.72,0.14,2.076e-06,128.7,5.2,-10.2,-1.8,-4.8,3.6,1.368084e-06
436,82.07,0.72,0.14,2.099e-06,128.5,5.6,-9.1,-1.4,-3.8,2.9,1.44831e-06
437,81.97,0.72,0.14,2.121e-06,128.4,5.9,-9.1,-1.1,-2.1,3.1,1.4295540000000003e-06
438,81.87,0.72,0.14,2.144e-06,128.2,6.3,-7.9,-0.7,1.5,3.5,1.4000320000000002e-06
439,81.77,0.72,0.14,2.167e-06,128.1,6.7,-7.0,-0.4,-0.9,3.4,1.4670590000000002e-06
440,81.67,0.72,0.14,2.191e-06,127.9,7.0,-3.2,-0.0,-0.1,2.9,1.5183629999999998e-06
441,81.57,0.72,0.14,2.214e-06,127.8,7.4,-4.0,0.4,0.4,2.6,1.611792e-06
442,81.47,0.72,0.14,2.238e-06,127.6,7.7,-0.3,0.7,0.3,2.7,1.593456e-06
443,81.37,0.72,0.14,2.263e-06,127.5,8.1,2.1,1.1,0.9,3.0,1.6904610000000001e-06
444,81.27,0.72,0.14,2.287e-06,127.4,8.4,4.3,1.4,-0.5,2.6,1.708389e-06
445,81.17,0.72,0.14,2.312e-06,127.2,8.8,7.2,1.8,-0.9,3.0,1.7733040000000001e-06
446,81.07,0.72,0.14,2.337e-06,127.1,9.2,6.1,2.1,1.2,3.0,1.7714459999999999e-06
447,80.97,0.72,0.14,2.362e-06,126.9,9.5,8.1,2.5,-2.2,3.2,1.773862e-06
448,80.87,0.72,0.14,2.388e-06,126.8,9.9,8.2,2.9,-4.1,3.4,1.845924e-06
449,80.77,0.72,0.14,2.413e-06,126.6,10.2,7.9,3.2,-3.6,3.1,1.90627e-06
450,80.67,0.72,0.14,2.44e-06,126.5,10.6,8.6,3.6,-4.8,3.5,1.91296e-06
451,80.57,0.72,0.14,2.466e-06,126.3,10.9,10.0,3.9,-3.9,3.4,1.92348e-06
452,80.47,0.72,0.14,2.493e-06,126.2,11.3,8.8,4.3,-3.7,3.6,2.0218230000000003e-06
453,80.37,0.72,0.14,2.52e-06,126.0,11.7,8.9,4.7,-2.2,3.9,2.03364e-06
454,80.27,0.72,0.14,2.547e-06,125.9,12.0,10.7,5.0,-0.1,3.9,2.1216509999999997e-06
455,80.17,0.72,0.14,2.574e-06,125.8,12.4,11.4,5.4,-0.1,4.2,2.1235499999999998e-06
456,80.07,0.72,0.14,2.602e-06,125.6,12.7,12.5,5.7,1.9,3.7,2.1830779999999997e-06
457,79.97,0.72,0.14,2.631e-06,125.5,13.1,10.7,6.1,2.7,3.4,2.2731839999999997e-06
458,79.87,0.72,0.14,2.659e-06,125.3,13.4,12.2,6.5,3.0,3.0,2.363851e-06
459,79.77,0.72,0.14,2.688e-06,125.2,13.8,11.9,6.8,6.9,3.4,2.308992e-06
460,79.67,0.72,0.14,2.717e-06,125.0,14.2,12.1,7.2,5.9,3.1,2.434432e-06
461,79.57,0.72,0.14,2.746e-06,124.9,14.5,15.7,7.5,5.7,3.5,2.518082e-06
462,79.47,0.72,0.14,2.776e-06,124.7,14.9,15.1,7.9,5.5,3.2,2.5983360000000003e-06
463,79.37,0.72,0.14,2.806e-06,124.6,15.2,15.0,8.2,5.0,3.1,2.615192e-06
464,79.27,0.72,0.14,2.837e-06,124.4,15.6,17.4,8.6,8.1,2.9,2.7064979999999998e-06
465,79.17,0.72,0.14,2.868e-06,124.3,15.9,16.5,9.0,6.4,2.7,2.7647519999999997e-06
466,79.07,0.72,0.14,2.899e-06,124.2,16.3,16.4,9.3,6.4,3.0,2.7714439999999998e-06
467,78.97,0.72,0.14,2.93e-06,124.0,16.7,15.4,9.7,3.8,3.0,2.7922899999999997e-06
468,78.87,0.72,0.14,2.962e-06,123.9,17.0,15.5,10.0,5.0,3.3,2.822786e-06
469,78.77,0.72,0.14,2.994e-06,123.7,17.4,16.5,10.4,6.2,2.9,2.958072e-06
470,78.67,0.72,0.14,3.027e-06,123.6,17.7,17.5,10.8,3.7,2.7,3.0724049999999995e-06
471,78.57,0.72,0.14,3.059e-06,123.4,18.1,18.6,11.1,4.0,2.5,3.107944e-06
472,78.47,0.72,0.14,3.093e-06,123.3,18.4,16.7,11.5,2.5,2.5,3.089907e-06
473,78.37,0.72,0.14,3.126e-06,123.1,18.8,16.8,11.8,2.3,2.8,3.1760159999999998e-06
474,78.27,0.72,0.14,3.16e-06,123.0,19.2,16.2,12.2,3.9,2.7,3.1757999999999993e-06
475,78.17,0.72,0.14,3.195e-06,122.9,19.5,15.9,12.5,3.8,2.2,3.121515e-06
476,78.07,0.72,0.14,3.229e-06,122.7,19.9,20.0,12.9,3.0,1.9,3.096611e-06
477,77.97,0.72,0.14,3.264e-06,122.6,20.2,24.1,13.3,0.7,2.4,2.950656e-06
478,77.87,0.72,0.14,3.3e-06,122.4,20.6,25.5,13.6,4.0,2.0,3.0591000000000005e-06
479,77.77,0.72,0.14,3.336e-06,122.3,20.9,27.4,14.0,4.8,2.2,3.029088e-06
480,77.67,0.72,0.14,3.372e-06,122.1,21.3,25.9,14.3,3.6,1.8,3.0584040000000003e-06
481,77.57,0.72,0.14,3.409e-06,122.0,21.7,26.5,14.7,1.6,1.5,3.044237e-06
482,77.47,0.72,0.14,3.446e-06,121.8,22.0,26.2,15.1,2.4,1.9,2.9601140000000002e-06
483,77.37,0.72,0.14,3.483e-06,121.7,22.4,25.5,15.4,2.9,2.2,2.984931e-06
484,77.27,0.72,0.14,3.521e-06,121.5,22.7,25.5,15.8,6.0,1.7,2.8590520000000002e-06
485,77.17,0.72,0.14,3.56e-06,121.4,23.1,21.9,16.1,9.1,1.8,2.89428e-06
486,77.07,0.72,0.14,3.598e-06,121.3,23.4,24.6,16.5,12.5,1.9,2.964752e-06
487,76.97,0.72,0.14,3.637e-06,121.1,23.8,25.2,16.9,10.0,1.4,3.069628e-06
488,76.87,0.72,0.14,3.677e-06,121.0,24.2,26.8,17.2,8.6,1.1,3.08868e-06
489,76.77,0.72,0.14,3.717e-06,120.8,24.5,24.0,17.6,9.2,1.1,3.0367889999999998e-06
490,76.67,0.72,0.14,3.758e-06,120.7,24.9,25.7,17.9,9.3,1.7,3.111624e-06
491,76.57,0.72,0.14,3.799e-06,120.5,25.2,24.9,18.3,7.0,0.8,3.0581950000000003e-06
492,76.47,0.72,0.14,3.84e-06,120.4,25.6,24.9,18.6,9.1,0.5,2.9644799999999996e-06
493,76.37,0.72,0.14,3.882e-06,120.2,25.9,24.2,19.0,10.8,0.1,2.915382e-06
494,76.27,0.72,0.14,3.924e-06,120.1,26.3,24.1,19.4,10.3,-0.2,2.90376e-06
495,76.17,0.72,0.14,3.967e-06,119.9,26.7,27.3,19.7,13.1,-0.3,2.907811e-06
496,76.07,0.72,0.14,4.01e-06,119.8,27.0,27.2,20.1,13.8,-0.4,2.9633899999999996e-06
497,75.97,0.72,0.14,4.054e-06,119.7,27.4,27.8,20.4,12.5,-0.5,3.036446e-06
498,75.87,0.72,0.14,4.098e-06,119.5,27.7,28.4,20.8,13.5,-0.2,3.1554600000000003e-06
499,75.77,0.72,0.14,4.143e-06,119.4,28.1,29.0,21.2,15.2,-0.3,3.061677e-06
500,75.67,0.72,0.14,4.188e-06,119.2,28.4,29.0,21.5,16.2,-0.5,3.2708280000000004e-06
501,75.57,0.72,0.14,4.234e-06,119.1,28.8,29.5,21.9,16.3,-0.8,3.28135e-06
502,75.47,0.72,0.14,4.28e-06,118.9,29.2,29.6,22.2,17.1,-0.4,3.1415199999999996e-06
503,75.37,0.72,0.14,4.327e-06,118.8,29.5,28.1,22.6,16.7,-0.1,3.11544e-06
504,75.27,0.72,0.14,4.374e-06,118.6,29.9,28.4,23.0,15.7,-0.1,3.23676e-06
505,75.17,0.72,0.14,4.422e-06,118.5,30.2,28.9,23.3,17.4,-0.4,3.4226280000000004e-06
506,75.07,0.72,0.14,4.47e-06,118.3,30.6,29.7,23.7,18.2,-0.7,3.3525000000000005e-06
507,74.97,0.72,0.14,4.951e-06,118.3,30.7,30.0,23.8,19.9,-1.3,3.6241319999999998e-06
508,74.87,0.72,0.14,5.032e-06,118.3,30.1,28.2,23.5,20.3,-1.7,3.794128e-06
509,74.77,0.72,0.14,5.114e-06,118.4,29.5,26.7,23.1,20.9,-1.4,3.855956e-06
510,74.67,0.72,0.14,5.198e-06,118.5,28.9,25.6,22.8,21.9,-1.5,3.87251e-06
511,74.57,0.72,0.14,5.283e-06,118.5,28.3,23.9,22.4,22.2,-1.4,4.041495e-06
512,74.47,0.72,0.14,5.369e-06,118.6,27.7,24.7,22.1,21.6,-1.0,4.08044e-06
513,74.37,0.72,0.14,5.457e-06,118.7,27.2,23.4,21.7,21.7,-1.2,4.261917e-06
514,74.27,0.72,0.14,5.546e-06,118.8,26.6,24.2,21.4,21.4,-1.1,4.458984e-06
515,74.17,0.72,0.14,5.637e-06,118.8,26.0,22.2,21.0,21.1,-1.4,4.284120000000001e-06
516,74.07,0.72,0.14,5.729e-06,118.9,25.4,20.5,20.7,20.1,-1.3,4.164982999999999e-06
517,73.97,0.72,0.15,5.822e-06,119.0,24.8,19.2,20.3,20.4,-1.3,4.389788e-06
518,73.87,0.72,0.15,5.918e-06,119.1,24.2,15.8,20.0,20.1,-1.2,4.49768e-06
519,73.77,0.72,0.15,6.014e-06,119.1,23.6,14.8,19.6,19.9,-1.0,4.684906e-06
520,73.67,0.72,0.15,6.113e-06,119.2,23.0,11.7,19.3,20.0,-0.9,4.749801e-06
521,73.57,0.72,0.15,6.213e-06,119.3,22.4,10.5,18.9,17.1,-0.7,4.796436e-06
522,73.47,0.72,0.15,6.314e-06,119.3,21.9,6.1,18.6,16.0,-0.6,4.887036e-06
523,73.37,0.72,0.15,6.417e-06,119.4,21.3,7.3,18.2,17.5,-0.0,4.864086e-06
524,73.27,0.72,0.15,6.522e-06,119.5,20.7,6.8,17.9,16.3,-0.1,5.015418e-06
525,73.17,0.72,0.15,6.629e-06,119.6,20.1,6.3,17.5,16.3,0.2,5.250168000000001e-06
526,73.07,0.72,0.15,6.737e-06,119.6,19.5,7.3,17.2,18.3,0.0,5.3357040000000005e-06
527,72.97,0.72,0.15,6.848e-06,119.7,18.9,6.3,16.8,17.8,0.0,5.553728000000001e-06
528,72.87,0.72,0.15,6.96e-06,119.8,18.3,7.2,16.5,18.7,-0.2,5.5749600000000006e-06
529,72.77,0.72,0.15,7.073e-06,119.9,17.7,4.9,16.1,20.2,-0.0,5.538159e-06
530,72.67,0.72,0.15,7.189e-06,119.9,17.1,5.1,15.8,18.0,-0.4,5.521152e-06
531,72.57,0.72,0.15,7.307e-06,120.0,16.6,4.2,15.4,17.8,-0.1,5.692153e-06
532,72.47,0.72,0.15,7.426e-06,120.1,16.0,3.5,15.1,20.4,0.2,5.86654e-06
533,72.37,0.72,0.15,7.548e-06,120.1,15.4,3.2,14.7,19.7,-0.1,5.887440000000001e-06
534,72.27,0.72,0.15,7.671e-06,120.2,14.8,2.8,14.4,22.8,-0.0,6.037077e-06
535,72.17,0.72,0.15,7.796e-06,120.3,14.2,1.1,14.0,22.6,-0.3,6.11986e-06
536,72.07,0.72,0.15,7.924e-06,120.4,13.6,1.9,13.7,20.5,-0.2,6.1094040000000004e-06
537,71.97,0.72,0.15,8.053e-06,120.4,13.0,-0.7,13.3,21.9,-0.0,6.329658000000001e-06
538,71.87,0.72,0.15,8.185e-06,120.5,12.4,0.3,13.0,22.6,0.3,6.408855000000001e-06
539,71.77,0.72,0.15,8.319e-06,120.6,11.8,1.6,12.6,21.3,0.1,6.6552e-06
540,71.67,0.72,0.15,8.455e-06,120.6,11.3,2.3,12.3,22.2,0.5,6.857005e-06
541,71.57,0.72,0.15,8.593e-06,120.7,10.7,4.7,11.9,21.2,0.5,7.175155e-06
542,71.47,0.72,0.15,8.734e-06,120.8,10.1,3.7,11.6,21.9,0.6,7.327826e-06
543,71.37,0.72,0.15,8.877e-06,120.9,9.5,2.6,11.2,21.2,1.1,7.447803e-06
544,71.27,0.72,0.15,9.022e-06,120.9,8.9,1.5,10.9,20.0,0.8,7.370973999999999e-06
545,71.17,0.72,0.15,9.17e-06,121.0,8.3,1.2,10.5,19.1,0.6,7.71197e-06
546,71.07,0.72,0.15,9.32e-06,121.1,7.7,2.4,10.2,16.9,0.3,8.080440000000001e-06
547,70.97,0.72,0.15,9.472e-06,121.2,7.1,0.8,9.8,16.3,0.3,8.041728e-06
548,70.87,0.72,0.15,9.627e-06,121.2,6.5,1.4,9.5,13.3,0.5,8.336981999999999e-06
549,70.77,0.72,0.15,9.785e-06,121.3,6.0,1.2,9.1,12.2,0.2,8.464025e-06
550,70.67,0.72,0.15,9.945e-06,121.4,5.4,-2.1,8.8,9.9,0.3,8.522865e-06
551,70.57,0.72,0.15,1.011e-05,121.4,4.8,-3.3,8.4,10.1,-0.0,8.73504e-06
552,70.47,0.72,0.15,1.027e-05,121.5,4.2,-6.7,8.1,7.1,0.5,8.73977e-06
553,70.37,0.72,0.15,1.044e-05,121.6,3.6,-9.7,7.7,3.7,0.8,8.9784e-06
554,70.27,0.72,0.15,1.061e-05,121.7,3.0,-8.7,7.4,0.6,0.8,9.34741e-06
555,70.17,0.72,0.15,1.079e-05,121.7,2.4,-11.8,7.0,-0.9,0.8,9.39809e-06
556,70.07,0.72,0.15,1.096e-05,121.8,1.8,-11.8,6.7,-2.1,1.0,9.32696e-06
557,69.97,0.72,0.15,9.271e-06,122.0,1.2,-12.6,6.4,-2.9,0.7,8.000873e-06
558,69.87,0.72,0.15,9.332e-06,122.4,0.6,-14.6,6.3,-1.9,0.4,7.997524e-06
559,69.77,0.72,0.15,9.394e-06,122.8,-0.0,-18.4,6.2,0.7,0.6,8.107022e-06
560,69.67,0.72,0.15,9.457e-06,123.2,-0.7,-21.2,6.1,1.4,0.2,8.265418e-06
561,69.57,0.72,0.15,9.52e-06,123.5,-1.3,-21.5,5.9,2.6,0.3,8.39664e-06
562,69.47,0.72,0.15,9.583e-06,123.9,-1.9,-21.7,5.8,2.2,0.2,8.135967e-06
563,69.37,0.72,0.15,9.648e-06,124.3,-2.5,-21.6,5.7,1.4,-0.2,8.075376e-06
564,69.27,0.72,0.15,9.712e-06,124.7,-3.2,-23.3,5.6,1.2,-0.2,7.992975999999999e-06
565,69.17,0.72,0.15,9.777e-06,125.1,-3.8,-22.9,5.5,1.4,-0.6,7.714053e-06
566,69.07,0.72,0.15,9.843e-06,125.5,-4.4,-21.6,5.4,-0.8,-0.9,7.707069000000001e-06
567,68.97,0.72,0.15,9.909e-06,125.9,-5.1,-23.3,5.2,0.4,-0.7,7.857837e-06
568,68.87,0.72,0.15,9.976e-06,126.3,-5.7,-24.6,5.1,-0.3,-0.5,8.160368e-06
569,68.77,0.72,0.15,1.004e-05,126.7,-6.3,-23.7,5.0,-0.9,-0.3,8.57416e-06
570,68.67,0.72,0.15,1.011e-05,127.1,-6.9,-25.2,4.9,-1.3,-0.3,8.664269999999999e-06
571,68.57,0.72,0.15,1.018e-05,127.5,-7.6,-28.0,4.8,-2.1,-0.3,8.66318e-06
572,68.47,0.72,0.15,1.025e-05,127.9,-8.2,-28.6,4.7,-0.8,-0.9,8.9175e-06
573,68.37,0.72,0.15,1.032e-05,128.3,-8.8,-28.6,4.5,-2.0,-0.6,8.89584e-06
574,68.27,0.72,0.15,1.039e-05,128.7,-9.5,-26.5,4.4,-1.4,-0.1,9.184760000000001e-06
575,68.17,0.72,0.15,1.046e-05,129.1,-10.1,-30.0,4.3,-3.6,-0.9,9.61274e-06
576,68.07,0.72,0.15,1.053e-05,129.5,-10.7,-33.1,4.2,-1.7,-0.6,9.8982e-06
577,67.97,0.72,0.15,1.06e-05,129.9,-11.3,-34.1,4.1,-3.9,-0.6,1.0059399999999999e-05
578,67.87,0.72,0.15,1.068e-05,130.3,-12.0,-34.2,4.0,-5.6,-0.8,1.033824e-05
579,67.77,0.72,0.15,1.075e-05,130.7,-12.6,-35.0,3.8,-5.2,-0.5,1.02555e-05
580,67.67,0.72,0.15,1.082e-05,131.1,-13.2,-34.7,3.7,-5.8,-0.3,1.053868e-05
581,67.57,0.72,0.15,1.09e-05,131.5,-13.9,-35.3,3.6,-6.4,0.1,1.05076e-05
582,67.47,0.72,0.15,1.097e-05,131.9,-14.5,-35.9,3.5,-6.4,0.1,1.058605e-05
583,67.37,0.72,0.15,1.105e-05,132.3,-15.1,-38.7,3.4,-8.6,-0.1,1.0596949999999999e-05
584,67.27,0.72,0.15,1.112e-05,132.6,-15.7,-39.3,3.3,-7.7,-0.0,1.060848e-05
585,67.17,0.72,0.15,1.12e-05,133.0,-16.4,-42.3,3.2,-7.5,-0.6,1.06848e-05
586,67.07,0.72,0.15,1.128e-05,133.4,-17.0,-43.0,3.0,-7.9,-0.4,1.0512960000000001e-05
587,66.97,0.72,0.15,1.136e-05,133.8,-17.6,-43.2,2.9,-7.5,-0.5,1.070112e-05
588,66.87,0.72,0.15,1.143e-05,134.2,-18.3,-44.1,2.8,-6.4,-0.1,1.0618470000000001e-05
589,66.77,0.72,0.15,1.151e-05,134.6,-18.9,-43.4,2.7,-8.3,-0.4,1.110715e-05
590,66.67,0.72,0.15,1.159e-05,135.0,-19.5,-43.2,2.6,-12.1,-0.8,1.133502e-05
591,66.57,0.72,0.15,1.167e-05,135.4,-20.1,-47.3,2.5,-11.1,-0.8,1.1378249999999999e-05
592,66.47,0.72,0.15,1.176e-05,135.8,-20.8,-47.1,2.3,-11.1,-0.5,1.144248e-05
593,66.37,0.72,0.15,1.184e-05,136.2,-21.4,-47.4,2.2,-10.8,-0.4,1.140192e-05
594,66.27,0.72,0.15,1.192e-05,136.6,-22.0,-46.9,2.1,-11.5,-0.9,1.1681599999999998e-05
595,66.17,0.72,0.15,1.2e-05,137.0,-22.7,-47.5,2.0,-14.7,-1.3,1.1976e-05
596,66.07,0.72,0.15,1.209e-05,137.4,-23.3,-46.7,1.9,-14.7,-1.3,1.1920739999999999e-05
597,65.97,0.72,0.15,1.217e-05,137.8,-23.9,-46.9,1.8,-16.1,-1.1,1.157367e-05
598,65.87,0.72,0.15,1.226e-05,138.2,-24.5,-49.4,1.6,-16.6,-1.2,1.1561179999999999e-05
599,65.77,0.72,0.15,1.234e-05,138.6,-25.2,-49.4,1.5,-16.4,-1.2,1.177236e-05
600,65.67,0.72,0.15,1.243e-05,139.0,-25.8,-51.1,1.4,-16.5,-1.2,1.1858219999999999e-05
601,65.57,0.72,0.15,1.252e-05,139.4,-26.4,-50.1,1.3,-19.2,-0.8,1.219448e-05
602,65.47,0.72,0.15,1.261e-05,139.8,-27.1,-48.5,1.2,-19.9,-0.7,1.250912e-05
603,65.37,0.72,0.15,1.269e-05,140.2,-27.7,-50.0,1.1,-19.6,-0.4,1.260117e-05
604,65.27,0.72,0.15,1.278e-05,140.6,-28.3,-50.1,1.0,-19.1,-0.5,1.2601079999999999e-05
605,65.17,0.72,0.15,1.287e-05,141.0,-28.9,-48.0,0.8,-16.4,-1.0,1.244529e-05
606,65.07,0.72,0.15,1.297e-05,141.4,-29.6,-47.2,0.7,-15.2,-0.7,1.28403e-05
607,64.97,0.72,0.15,1.293e-05,141.7,-30.0,-46.7,0.4,-16.1,0.2,1.286535e-05
608,64.87,0.72,0.16,1.3e-05,141.9,-29.8,-46.1,-0.5,-16.0,0.0,1.2791999999999999e-05
609,64.77,0.72,0.16,1.308e-05,142.1,-29.6,-45.6,-1.3,-19.6,0.5,1.285764e-05
610,64.67,0.72,0.16,1.315e-05,142.3,-29.4,-47.9,-2.2,-20.0,0.3,1.266345e-05
611,64.57,0.72,0.16,1.323e-05,142.6,-29.3,-48.2,-3.1,-21.4,0.3,1.289925e-05
612,64.47,0.72,0.16,1.331e-05,142.8,-29.1,-48.4,-4.0,-21.8,0.3,1.3176899999999999e-05
613,64.37,0.72,0.16,1.339e-05,143.0,-28.9,-50.2,-4.8,-22.6,0.4,1.3738140000000001e-05
614,64.27,0.72,0.16,1.346e-05,143.2,-28.7,-50.8,-5.7,-21.7,0.2,1.371574e-05
615,64.17,0.72,0.16,1.354e-05,143.4,-28.5,-51.7,-6.6,-22.2,0.3,1.386496e-05
616,64.07,0.72,0.16,1.362e-05,143.6,-28.4,-51.9,-7.5,-21.1,0.4,1.39605e-05
617,63.97,0.72,0.16,1.37e-05,143.9,-28.2,-50.4,-8.3,-21.1,0.6,1.4097299999999998e-05
618,63.87,0.72,0.16,1.378e-05,144.1,-28.0,-49.6,-9.2,-23.9,0.7,1.376622e-05
619,63.77,0.72,0.16,1.386e-05,144.3,-27.8,-47.7,-10.1,-24.6,0.7,1.370754e-05
620,63.67,0.72,0.16,1.394e-05,144.5,-27.7,-47.9,-10.9,-24.7,0.9,1.377272e-05
621,63.57,0.72,0.16,1.402e-05,144.7,-27.5,-50.9,-11.8,-25.1,0.4,1.376764e-05
622,63.47,0.72,0.16,1.41e-05,144.9,-27.3,-49.7,-12.7,-26.4,0.4,1.3832100000000001e-05
623,63.37,0.72,0.16,1.419e-05,145.2,-27.1,-48.9,-13.6,-27.3,-0.2,1.3920389999999999e-05
624,63.27,0.72,0.16,1.427e-05,145.4,-26.9,-44.8,-14.4,-27.6,-0.0,1.375628e-05
625,63.17,0.72,0.16,1.435e-05,145.6,-26.8,-43.4,-15.3,-26.8,-0.2,1.384775e-05
626,63.07,0.72,0.16,1.444e-05,145.8,-26.6,-42.7,-16.2,-27.5,-0.3,1.387684e-05
627,62.97,0.72,0.16,1.452e-05,146.0,-26.4,-42.7,-17.0,-28.0,-0.1,1.44474e-05
628,62.87,0.72,0.16,1.461e-05,146.2,-26.2,-43.2,-17.9,-26.6,0.1,1.442007e-05
629,62.77,0.72,0.16,1.469e-05,146.5,-26.0,-43.1,-18.8,-29.0,0.2,1.49838e-05
630,62.67,0.72,0.16,1.478e-05,146.7,-25.9,-42.2,-19.7,-29.3,0.2,1.557812e-05
631,62.57,0.72,0.16,1.487e-05,146.9,-25.7,-41.8,-20.5,-29.4,0.5,1.586629e-05
632,62.47,0.72,0.16,1.495e-05,147.1,-25.5,-42.0,-21.4,-30.6,0.5,1.58769e-05
633,62.37,0.72,0.16,1.504e-05,147.3,-25.3,-42.0,-22.3,-30.5,0.5,1.619808e-05
634,62.27,0.72,0.16,1.513e-05,147.5,-25.2,-40.2,-23.2,-33.4,0.8,1.615884e-05
635,62.17,0.72,0.16,1.522e-05,147.7,-25.0,-41.2,-24.0,-34.5,0.6,1.588968e-05
636,62.07,0.72,0.16,1.531e-05,148.0,-24.8,-40.6,-24.9,-33.9,0.4,1.6197980000000002e-05
637,61.97,0.72,0.16,1.54e-05,148.2,-24.6,-43.0,-25.8,-34.1,0.6,1.5939e-05
638,61.87,0.72,0.16,1.549e-05,148.4,-24.4,-42.9,-26.6,-38.5,0.9,1.6249009999999997e-05
639,61.77,0.72,0.16,1.558e-05,148.6,-24.3,-42.0,-27.5,-37.4,0.7,1.660828e-05
640,61.67,0.72,0.16,1.567e-05,148.8,-24.1,-40.7,-28.4,-36.3,0.2,1.6578860000000002e-05
641,61.57,0.72,0.16,1.576e-05,149.0,-23.9,-40.3,-29.3,-38.3,0.7,1.637464e-05
642,61.47,0.72,0.16,1.585e-05,149.3,-23.7,-38.5,-30.1,-38.9,1.1,1.585e-05
643,61.37,0.72,0.16,1.595e-05,149.5,-23.5,-36.8,-31.0,-39.2,1.1,1.660395e-05
644,61.27,0.72,0.16,1.604e-05,149.7,-23.4,-37.0,-31.9,-38.8,1.5,1.661744e-05
645,61.17,0.72,0.16,1.614e-05,149.9,-23.2,-37.4,-32.7,-40.5,1.5,1.676946e-05
646,61.07,0.72,0.16,1.623e-05,150.1,-23.0,-38.1,-33.6,-39.1,1.9,1.6765589999999997e-05
647,60.97,0.72,0.16,1.633e-05,150.3,-22.8,-34.5,-34.5,-39.7,1.8,1.693421e-05
648,60.87,0.72,0.16,1.642e-05,150.6,-22.7,-35.4,-35.4,-38.7,1.8,1.720816e-05
649,60.77,0.72,0.16,1.652e-05,150.8,-22.5,-36.3,-36.2,-40.4,1.7,1.7742480000000004e-05
650,60.67,0.72,0.16,1.662e-05,151.0,-22.3,-37.9,-37.1,-41.2,1.4,1.809918e-05
651,60.57,0.72,0.16,1.672e-05,151.2,-22.1,-39.0,-38.0,-43.4,1.7,1.779008e-05
652,60.47,0.72,0.16,1.681e-05,151.4,-21.9,-39.1,-38.9,-44.4,1.6,1.761688e-05
653,60.37,0.72,0.16,1.691e-05,151.6,-21.8,-38.0,-39.7,-44.9,1.6,1.795842e-05
654,60.27,0.72,0.16,1.701e-05,151.9,-21.6,-36.1,-40.6,-44.6,1.4,1.7622360000000003e-05
655,60.17,0.72,0.16,1.711e-05,152.1,-21.4,-37.3,-41.5,-44.6,1.6,1.740087e-05
656,60.07,0.72,0.16,1.722e-05,152.3,-21.2,-35.6,-42.3,-43.8,1.7,1.740942e-05
657,59.97,0.72,0.16,1.735e-05,152.4,-20.9,-36.0,-42.9,-43.8,1.6,1.7072400000000003e-05
658,59.87,0.72,0.16,1.755e-05,152.2,-20.1,-35.8,-42.6,-44.2,1.7,1.798875e-05
659,59.77,0.72,0.16,1.775e-05,152.1,-19.2,-35.0,-42.3,-46.0,1.4,1.837125e-05
660,59.67,0.72,0.16,1.796e-05,151.9,-18.4,-34.9,-42.0,-45.5,1.4,1.857064e-05
661,59.57,0.72,0.16,1.817e-05,151.8,-17.6,-35.2,-41.7,-45.8,1.9,1.8515229999999997e-05
662,59.47,0.72,0.16,1.838e-05,151.6,-16.8,-35.9,-41.4,-46.2,2.0,1.8692459999999998e-05
663,59.37,0.72,0.16,1.86e-05,151.5,-16.0,-32.3,-41.2,-44.5,1.7,1.84512e-05
664,59.27,0.72,0.16,1.882e-05,151.3,-15.2,-31.7,-40.9,-43.3,1.9,1.868826e-05
665,59.17,0.72,0.16,1.904e-05,151.2,-14.4,-29.8,-40.6,-41.6,2.0,1.841168e-05
666,59.07,0.72,0.16,1.926e-05,151.0,-13.5,-27.2,-40.3,-44.3,2.4,1.8605159999999997e-05
667,58.97,0.72,0.16,1.949e-05,150.9,-12.7,-26.1,-40.0,-44.7,2.4,1.89053e-05
668,58.87,0.72,0.16,1.972e-05,150.7,-11.9,-24.2,-39.7,-41.9,2.3,1.889176e-05
669,58.77,0.72,0.16,1.995e-05,150.6,-11.1,-23.6,-39.4,-39.9,2.3,1.8992399999999998e-05
670,58.67,0.72,0.16,2.018e-05,150.4,-10.3,-24.8,-39.1,-40.4,2.4,1.925172e-05
671,58.57,0.72,0.16,2.042e-05,150.3,-9.5,-26.2,-38.8,-38.8,2.3,1.99095e-05
672,58.47,0.72,0.16,2.066e-05,150.1,-8.7,-26.2,-38.5,-35.8,2.3,2.0143499999999998e-05
673,58.37,0.72,0.16,2.09e-05,150.0,-7.8,-27.4,-38.2,-36.5,1.9,2.0273e-05
674,58.27,0.72,0.16,2.114e-05,149.8,-7.0,-25.1,-37.9,-36.0,2.2,2.065378e-05
675,58.17,0.72,0.16,2.139e-05,149.7,-6.2,-22.9,-37.7,-37.1,2.2,2.089803e-05
676,58.07,0.72,0.16,2.164e-05,149.5,-5.4,-21.1,-37.4,-37.6,2.4,2.129376e-05
677,57.97,0.72,0.16,2.19e-05,149.4,-4.6,-22.5,-37.1,-37.2,2.1,2.13306e-05
678,57.87,0.72,0.16,2.215e-05,149.2,-3.8,-21.4,-36.8,-37.0,2.1,2.19285e-05
679,57.77,0.72,0.16,2.241e-05,149.1,-3.0,-20.5,-36.5,-35.8,1.8,2.2006620000000002e-05
680,57.67,0.72,0.16,2.267e-05,148.9,-2.1,-19.9,-36.2,-35.9,1.8,2.282869e-05
681,57.57,0.72,0.16,2.294e-05,148.8,-1.3,-19.3,-35.9,-35.6,2.0,2.296294e-05
682,57.47,0.72,0.16,2.321e-05,148.6,-0.5,-18.8,-35.6,-36.2,2.2,2.290827e-05
683,57.37,0.72,0.16,2.348e-05,148.5,0.3,-18.1,-35.3,-37.0,1.9,2.2893e-05
684,57.27,0.72,0.16,2.376e-05,148.3,1.1,-16.3,-35.0,-37.7,2.4,2.309472e-05
685,57.17,0.72,0.16,2.404e-05,148.1,1.9,-16.7,-34.7,-37.3,2.5,2.348708e-05
686,57.07,0.72,0.16,2.432e-05,148.0,2.7,-13.7,-34.5,-37.4,2.1,2.4198400000000002e-05
687,56.97,0.72,0.16,2.46e-05,147.8,3.6,-15.0,-34.2,-37.2,2.0,2.4673799999999997e-05
688,56.87,0.72,0.16,2.489e-05,147.7,4.4,-13.1,-33.9,-37.1,2.0,2.531313e-05
689,56.77,0.72,0.16,2.519e-05,147.5,5.2,-12.2,-33.6,-38.8,2.0,2.506405e-05
690,56.67,0.72,0.16,2.548e-05,147.4,6.0,-11.0,-33.3,-37.7,2.0,2.512328e-05
691,56.57,0.72,0.16,2.578e-05,147.2,6.8,-10.5,-33.0,-36.5,2.1,2.492926e-05
692,56.47,0.72,0.16,2.608e-05,147.1,7.6,-8.0,-32.7,-35.7,2.1,2.553232e-05
693,56.37,0.72,0.16,2.639e-05,146.9,8.4,-6.4,-32.4,-34.2,2.3,2.5624689999999998e-05
694,56.27,0.72,0.16,2.67e-05,146.8,9.3,-4.6,-32.1,-34.0,2.1,2.6005799999999998e-05
695,56.17,0.72,0.16,2.701e-05,146.6,10.1,-5.8,-31.8,-31.7,1.8,2.665887e-05
696,56.07,0.72,0.16,2.733e-05,146.5,10.9,-6.0,-31.5,-30.0,1.8,2.667408e-05
697,55.97,0.72,0.16,2.765e-05,146.3,11.7,-4.1,-31.3,-31.9,1.7,2.662695e-05
698,55.87,0.72,0.17,2.798e-05,146.2,12.5,-3.3,-31.0,-29.5,1.8,2.683282e-05
699,55.77,0.72,0.17,2.83e-05,146.0,13.3,-1.9,-30.7,-29.7,1.5,2.70265e-05
700,55.67,0.72,0.17,2.864e-05,145.9,14.1,-0.0,-30.4,-28.1,1.2,2.6377440000000002e-05
701,55.57,0.72,0.17,2.897e-05,145.7,14.9,0.3,-30.1,-28.5,1.2,2.610197e-05
702,55.47,0.72,0.17,2.931e-05,145.6,15.8,1.1,-29.8,-28.6,1.1,2.6379e-05
703,55.37,0.72,0.17,2.966e-05,145.4,16.6,0.6,-29.5,-28.9,0.9,2.627876e-05
704,55.27,0.72,0.17,3.001e-05,145.3,17.4,0.1,-29.2,-27.9,1.0,2.673891e-05
705,55.17,0.72,0.17,3.036e-05,145.1,18.2,-0.1,-28.9,-27.3,1.2,2.7657960000000002e-05
706,55.07,0.72,0.17,3.072e-05,145.0,19.0,1.2,-28.6,-26.6,1.4,2.783232e-05
707,54.97,0.72,0.17,3.11e-05,144.8,19.4,1.5,-28.3,-27.3,1.2,2.8207699999999998e-05
708,54.87,0.72,0.17,3.157e-05,144.5,18.6,-0.0,-27.7,-27.0,1.1,2.8918119999999998e-05
709,54.77,0.72,0.17,3.203e-05,144.2,17.8,-0.2,-27.2,-28.8,0.6,2.9595720000000003e-05
710,54.67,0.72,0.17,3.251e-05,143.9,17.0,-4.2,-26.6,-29.3,0.4,3.0201790000000002e-05
711,54.57,0.72,0.17,3.299e-05,143.6,16.3,-3.5,-26.1,-28.4,0.6,3.114256e-05
712,54.47,0.72,0.17,3.348e-05,143.3,15.5,-4.5,-25.5,-30.4,0.4,3.157164e-05
713,54.37,0.72,0.17,3.398e-05,143.0,14.7,-4.8,-25.0,-29.5,-0.0,3.1805280000000004e-05
714,54.27,0.72,0.17,3.448e-05,142.7,13.9,-3.4,-24.4,-29.2,-0.1,3.2307760000000007e-05
715,54.17,0.72,0.17,3.5e-05,142.4,13.1,-5.7,-23.9,-29.5,0.3,3.2165e-05
716,54.07,0.72,0.17,3.552e-05,142.1,12.3,-4.5,-23.3,-26.9,0.3,3.296256e-05
717,53.97,0.72,0.17,3.605e-05,141.8,11.6,-5.6,-22.8,-26.0,0.4,3.363465e-05
718,53.87,0.72,0.17,3.658e-05,141.5,10.8,-5.4,-22.2,-25.7,0.8,3.390966e-05
719,53.77,0.72,0.17,3.713e-05,141.2,10.0,-5.3,-21.7,-25.5,0.5,3.423386e-05
720,53.67,0.72,0.17,3.768e-05,140.9,9.2,-5.1,-21.1,-24.5,0.6,3.443952e-05
721,53.57,0.72,0.17,3.824e-05,140.6,8.4,-5.2,-20.6,-23.4,0.6,3.47984e-05
722,53.47,0.72,0.17,3.881e-05,140.3,7.6,-5.5,-20.0,-23.7,0.7,3.551115e-05
723,53.37,0.72,0.17,3.939e-05,140.0,6.8,-5.4,-19.5,-24.3,1.2,3.608124e-05
724,53.27,0.72,0.17,3.997e-05,139.7,6.1,-7.2,-18.9,-23.3,0.9,3.661252e-05
725,53.17,0.72,0.17,4.057e-05,139.4,5.3,-7.0,-18.4,-20.2,1.5,3.716212e-05
726,53.07,0.72,0.17,4.118e-05,139.1,4.5,-8.0,-17.8,-21.2,1.2,3.87092e-05
727,52.97,0.72,0.17,4.179e-05,138.8,3.7,-8.5,-17.3,-20.8,0.8,3.9491549999999996e-05
728,52.87,0.72,0.17,4.241e-05,138.5,2.9,-9.9,-16.8,-21.3,0.8,3.999263e-05
729,52.77,0.72,0.17,4.305e-05,138.2,2.1,-8.9,-16.2,-21.0,0.9,4.059615e-05
730,52.67,0.72,0.17,4.369e-05,137.9,1.4,-8.3,-15.7,-20.4,0.3,4.176763999999999e-05
731,52.57,0.72,0.17,4.434e-05,137.6,0.6,-9.6,-15.1,-18.7,0.2,4.305414e-05
732,52.47,0.72,0.17,4.5e-05,137.3,-0.2,-10.3,-14.6,-17.4,-0.1,4.3785e-05
733,52.37,0.72,0.17,4.568e-05,137.0,-1.0,-9.8,-14.0,-16.3,-0.1,4.504048e-05
734,52.27,0.72,0.17,4.636e-05,136.8,-1.8,-10.4,-13.5,-17.1,-0.2,4.54328e-05
735,52.17,0.72,0.17,4.705e-05,136.5,-2.6,-12.1,-12.9,-15.9,-0.2,4.653245e-05
736,52.07,0.72,0.17,4.776e-05,136.2,-3.3,-13.1,-12.4,-14.6,-0.2,4.6757039999999996e-05
737,51.97,0.72,0.17,4.847e-05,135.9,-4.1,-11.8,-11.8,-12.9,-0.1,4.682202e-05
738,51.87,0.72,0.17,4.92e-05,135.6,-4.9,-11.0,-11.3,-11.0,-0.2,4.8412800000000005e-05
739,51.77,0.72,0.17,4.993e-05,135.3,-5.7,-11.3,-10.7,-10.0,0.2,4.8881469999999994e-05
740,51.67,0.72,0.17,5.068e-05,135.0,-6.5,-11.5,-10.2,-8.7,0.2,5.11868e-05
741,51.57,0.72,0.17,5.144e-05,134.7,-7.3,-12.6,-9.6,-10.0,0.3,5.154288e-05
742,51.47,0.72,0.17,5.221e-05,134.4,-8.1,-14.7,-9.1,-8.1,0.5,5.2262209999999996e-05
743,51.37,0.72,0.17,5.3e-05,134.1,-8.8,-15.7,-8.5,-9.1,0.5,5.3106e-05
744,51.27,0.72,0.17,5.379e-05,133.8,-9.6,-15.0,-8.0,-8.4,0.7,5.400516e-05
745,51.17,0.72,0.17,5.46e-05,133.5,-10.4,-17.8,-7.4,-9.2,0.2,5.541899999999999e-05
746,51.07,0.72,0.17,5.542e-05,133.2,-11.2,-19.5,-6.9,-8.3,-0.0,5.73597e-05
747,50.97,0.72,0.17,5.625e-05,132.9,-12.0,-20.4,-6.3,-9.6,0.3,5.7881249999999994e-05
748,50.87,0.72,0.17,5.709e-05,132.6,-12.8,-20.4,-5.8,-9.9,0.3,5.748962999999999e-05
749,50.77,0.72,0.17,5.795e-05,132.3,-13.5,-23.9,-5.2,-8.7,0.7,5.82977e-05
750,50.67,0.72,0.17,5.882e-05,132.0,-14.3,-26.3,-4.7,-8.4,0.9,5.799652e-05
751,50.57,0.72,0.17,5.971e-05,131.7,-15.1,-26.7,-4.1,-9.5,0.9,5.762015e-05
752,50.47,0.72,0.17,6.061e-05,131.4,-15.9,-25.8,-3.6,-8.2,0.9,5.951902e-05
753,50.37,0.72,0.17,6.152e-05,131.1,-16.7,-27.4,-3.0,-6.1,0.5,6.084327999999999e-05
754,50.27,0.72,0.17,6.244e-05,130.8,-17.5,-28.5,-2.5,-5.9,0.5,6.169072000000001e-05
755,50.17,0.72,0.17,6.338e-05,130.5,-18.2,-30.2,-1.9,-5.7,0.8,6.27462e-05
756,50.07,0.72,0.17,6.434e-05,130.2,-19.0,-31.7,-1.4,-5.5,0.5,6.414697999999999e-05
757,49.97,0.72,0.17,6.529e-05,130.0,-19.8,-33.6,-0.9,-6.7,0.8,6.515942e-05
758,49.87,0.72,0.17,6.62e-05,130.0,-20.3,-33.4,-0.5,-7.5,1.1,6.69282e-05
759,49.77,0.72,0.17,6.713e-05,130.0,-20.8,-34.6,-0.2,-6.8,1.1,6.820408e-05
760,49.67,0.72,0.17,6.807e-05,130.0,-21.4,-35.9,0.1,-10.3,0.9,6.956754e-05
761,49.57,0.72,0.17,6.902e-05,130.0,-21.9,-36.0,0.5,-9.8,0.9,6.929608e-05
762,49.47,0.72,0.17,6.999e-05,130.1,-22.5,-37.2,0.8,-10.0,0.7,6.957006e-05
763,49.37,0.72,0.17,7.097e-05,130.1,-23.0,-37.7,1.2,-8.4,0.7,6.976351000000001e-05
764,49.27,0.72,0.17,7.196e-05,130.1,-23.6,-36.3,1.5,-9.6,0.7,7.059275999999999e-05
765,49.17,0.72,0.17,7.297e-05,130.1,-24.1,-37.7,1.9,-9.1,0.9,7.224030000000001e-05
766,49.07,0.72,0.17,7.399e-05,130.1,-24.7,-37.9,2.2,-7.0,1.1,7.310212e-05
767,48.97,0.72,0.17,7.503e-05,130.1,-25.2,-36.8,2.6,-7.2,1.3,7.442976e-05
768,48.87,0.72,0.17,7.608e-05,130.1,-25.8,-38.2,2.9,-6.8,1.0,7.493880000000001e-05
769,48.77,0.72,0.17,7.714e-05,130.1,-26.3,-38.5,3.3,-5.6,0.9,7.552006e-05
770,48.67,0.72,0.17,7.822e-05,130.1,-26.8,-39.8,3.6,-5.8,0.9,7.735958e-05
771,48.57,0.72,0.17,7.932e-05,130.1,-27.4,-40.4,4.0,-5.7,0.9,7.828884000000001e-05
772,48.47,0.72,0.17,8.043e-05,130.1,-27.9,-41.0,4.3,-5.1,0.8,8.179731e-05
773,48.37,0.72,0.17,8.155e-05,130.1,-28.5,-41.9,4.7,-4.7,0.9,8.163154999999999e-05
774,48.27,0.72,0.17,8.269e-05,130.2,-29.0,-42.6,5.0,-3.7,1.1,8.409572999999998e-05
775,48.17,0.72,0.17,8.385e-05,130.2,-29.6,-43.5,5.4,-4.8,0.8,8.544315e-05
776,48.07,0.72,0.17,8.503e-05,130.2,-30.1,-45.3,5.7,-5.0,0.6,8.732581e-05
777,47.97,0.72,0.17,8.622e-05,130.2,-30.7,-45.7,6.0,-5.7,0.3,8.88066e-05
778,47.87,0.72,0.17,8.742e-05,130.2,-31.2,-45.8,6.4,-4.1,0.4,9.013002e-05
779,47.77,0.72,0.17,8.865e-05,130.2,-31.8,-46.7,6.7,-1.8,0.1,8.962515e-05
780,47.67,0.72,0.17,8.989e-05,130.2,-32.3,-46.9,7.1,-0.5,0.2,9.195746999999999e-05
781,47.57,0.72,0.17,9.115e-05,130.2,-32.9,-44.8,7.4,-0.1,0.1,9.342875e-05
782,47.47,0.72,0.17,9.242e-05,130.2,-33.4,-45.7,7.8,0.1,-0.0,9.417597999999999e-05
783,47.37,0.72,0.17,9.372e-05,130.2,-33.9,-46.7,8.1,1.4,0.0,9.559440000000001e-05
784,47.27,0.72,0.17,9.503e-05,130.2,-34.5,-47.6,8.5,-0.0,-0.2,9.78809e-05
785,47.17,0.72,0.17,9.636e-05,130.2,-35.0,-46.8,8.8,0.2,-0.0,9.953988e-05
786,47.07,0.72,0.17,9.771e-05,130.3,-35.6,-46.8,9.2,-0.3,-0.5,0.00010103214
787,46.97,0.72,0.17,9.908e-05,130.3,-36.1,-46.6,9.5,2.1,-0.2,0.00010324136
788,46.87,0.72,0.17,0.0001005,130.3,-36.7,-46.8,9.9,1.0,-0.1,0.000104721
789,46.77,0.72,0.18,0.0001019,130.3,-37.2,-48.6,10.2,1.9,0.1,0.0001074026
790,46.67,0.72,0.18,0.0001033,130.3,-37.8,-47.8,10.6,1.9,0.3,0.00011053100000000002
791,46.57,0.72,0.18,0.0001047,130.3,-38.3,-49.9,10.9,1.7,0.4,0.000113076
792,46.47,0.72,0.18,0.0001062,130.3,-38.9,-49.1,11.3,2.4,0.4,0.0001139526
793,46.37,0.72,0.18,0.0001077,130.3,-39.4,-50.3,11.6,3.8,0.1,0.00011545440000000001
794,46.27,0.72,0.18,0.0001092,130.3,-39.9,-48.2,12.0,6.5,0.3,0.00011629799999999999
795,46.17,0.72,0.18,0.0001107,130.3,-40.5,-48.4,12.3,7.0,0.4,0.00011723129999999998
796,46.07,0.72,0.18,0.0001123,130.3,-41.0,-49.6,12.6,7.4,0.5,0.00011746580000000002
797,45.97,0.72,0.18,0.0001139,130.3,-41.6,-49.2,13.0,8.4,0.4,0.00011959500000000001
798,45.87,0.72,0.18,0.0001154,130.4,-42.1,-50.1,13.3,9.1,0.1,0.00012117000000000001
799,45.77,0.72,0.18,0.0001171,130.4,-42.7,-51.6,13.7,8.9,-0.1,0.0001224866
800,45.67,0.72,0.18,0.0001187,130.4,-43.2,-53.5,14.0,9.4,0.2,0.000124635
801,45.57,0.72,0.18,0.0001204,130.4,-43.8,-54.5,14.4,9.7,0.0,0.00012533639999999998
802,45.47,0.72,0.18,0.0001221,130.4,-44.3,-55.8,14.7,10.3,0.0,0.0001273503
803,45.37,0.72,0.18,0.0001238,130.4,-44.9,-57.0,15.1,9.1,-0.3,0.00013085659999999998
804,45.27,0.72,0.18,0.0001255,130.4,-45.4,-56.1,15.4,9.9,-0.3,0.00013240249999999998
805,45.17,0.72,0.18,0.0001272,130.4,-46.0,-56.1,15.8,9.0,-0.5,0.0001331784
806,45.07,0.72,0.18,0.000129,130.4,-46.5,-56.7,16.1,10.1,-0.6,0.000134805
807,44.97,0.72,0.18,0.0001308,130.5,-46.9,-57.4,16.4,10.3,-0.2,0.0001370784
808,44.87,0.72,0.18,0.0001325,130.6,-47.1,-55.9,16.4,9.1,-0.2,0.000139125
809,44.77,0.72,0.18,0.0001342,130.8,-47.3,-55.5,16.4,9.4,-0.1,0.0001386286
810,44.67,0.72,0.18,0.0001359,130.9,-47.4,-55.8,16.4,8.8,0.1,0.00014092829999999998
811,44.57,0.72,0.18,0.0001376,131.1,-47.6,-55.3,16.4,8.7,0.4,0.0001421408
812,44.47,0.72,0.18,0.0001394,131.3,-47.8,-54.0,16.5,9.2,0.6,0.0001440002
813,44.37,0.72,0.18,0.0001411,131.4,-48.0,-54.3,16.5,9.5,0.3,0.00014688509999999998
814,44.27,0.72,0.18,0.0001429,131.6,-48.1,-55.2,16.5,10.5,0.3,0.0001496163
815,44.17,0.72,0.18,0.0001448,131.7,-48.3,-54.2,16.5,10.4,0.1,0.0001533432
816,44.07,0.72,0.18,0.0001466,131.9,-48.5,-54.6,16.5,9.8,0.4,0.00015568920000000002
817,43.97,0.72,0.18,0.0001485,132.0,-48.6,-55.1,16.6,8.5,0.2,0.000154737
818,43.87,0.72,0.18,0.0001504,132.2,-48.8,-54.9,16.6,9.6,-0.1,0.0001552128
819,43.77,0.72,0.18,0.0001523,132.4,-49.0,-54.2,16.6,10.9,-0.2,0.0001577828
820,43.67,0.72,0.18,0.0001543,132.5,-49.1,-55.1,16.6,10.2,-0.2,0.0001575403
821,43.57,0.72,0.18,0.0001562,132.7,-49.3,-56.3,16.6,10.1,-0.3,0.000159324
822,43.47,0.72,0.18,0.0001582,132.8,-49.5,-56.4,16.6,8.6,-0.2,0.00016057299999999998
823,43.37,0.72,0.18,0.0001603,133.0,-49.7,-57.5,16.7,8.6,-0.3,0.0001625442
824,43.27,0.72,0.18,0.0001623,133.1,-49.8,-59.4,16.7,6.6,-0.4,0.00016278689999999998
825,43.17,0.72,0.18,0.0001644,133.3,-50.0,-60.0,16.7,4.8,-0.5,0.0001645644
826,43.07,0.72,0.18,0.0001665,133.5,-50.2,-60.3,16.7,3.7,-0.4,0.000169497
827,42.97,0.72,0.18,0.0001686,133.6,-50.3,-60.2,16.7,1.8,-0.5,0.00017247779999999998
828,42.87,0.72,0.18,0.0001708,133.8,-50.5,-59.3,16.8,3.1,-0.4,0.0001735328
829,42.77,0.72,0.18,0.000173,133.9,-50.7,-58.3,16.8,4.1,-0.3,0.000175249
830,42.67,0.72,0.18,0.0001752,134.1,-50.8,-57.4,16.8,4.6,-0.5,0.00017765280000000001
831,42.57,0.72,0.18,0.0001774,134.2,-51.0,-56.7,16.8,6.2,-0.5,0.00017917400000000002
832,42.47,0.72,0.18,0.0001797,134.4,-51.2,-57.7,16.8,8.2,-0.2,0.000177903
833,42.37,0.72,0.18,0.000182,134.5,-51.4,-58.5,16.8,9.1,-0.4,0.00018236400000000002
834,42.27,0.72,0.18,0.0001843,134.7,-51.5,-58.4,16.9,10.0,-0.1,0.00018485289999999998
835,42.17,0.72,0.18,0.0001867,134.9,-51.7,-58.1,16.9,11.8,-0.2,0.00018800689999999998
836,42.07,0.72,0.18,0.0001891,135.0,-51.9,-59.2,16.9,11.4,-0.2,0.000192882
837,41.97,0.72,0.18,0.0001915,135.2,-52.0,-60.7,16.9,10.1,-0.0,0.00019705349999999997
838,41.87,0.72,0.18,0.000194,135.3,-52.2,-60.0,16.9,9.8,-0.1,0.00020078999999999998
839,41.77,0.72,0.18,0.0001965,135.5,-52.4,-59.8,17.0,10.3,-0.4,0.00020337749999999998
840,41.67,0.72,0.18,0.000199,135.6,-52.5,-57.9,17.0,9.4,-0.2,0.00020536800000000002
841,41.57,0.72,0.18,0.0002015,135.8,-52.7,-57.4,17.0,9.7,-0.4,0.0002089555
842,41.47,0.72,0.18,0.0002041,136.0,-52.9,-58.5,17.0,10.1,-0.2,0.00021165169999999998
843,41.37,0.72,0.18,0.0002067,136.1,-53.1,-59.2,17.0,9.2,-0.5,0.0002145546
844,41.27,0.72,0.18,0.0002094,136.3,-53.2,-59.6,17.0,9.2,-0.6,0.00021756659999999997
845,41.17,0.72,0.18,0.0002121,136.4,-53.4,-60.0,17.1,10.2,-0.7,0.0002212203
846,41.07,0.72,0.18,0.0002148,136.6,-53.6,-60.0,17.1,10.9,-0.9,0.00022532519999999998
847,40.97,0.72,0.18,0.0002175,136.7,-53.7,-60.5,17.1,8.9,-1.0,0.000230115
848,40.87,0.72,0.18,0.0002203,136.9,-53.9,-60.9,17.1,9.1,-1.0,0.0002348398
849,40.77,0.72,0.18,0.0002232,137.1,-54.1,-62.2,17.1,9.3,-0.9,0.0002392704
850,40.67,0.72,0.18,0.000226,137.2,-54.2,-61.6,17.2,9.0,-0.7,0.000240916
851,40.57,0.72,0.18,0.0002289,137.4,-54.4,-62.4,17.2,8.3,-1.1,0.00024080280000000003
852,40.47,0.72,0.18,0.0002319,137.5,-54.6,-61.3,17.2,6.5,-1.7,0.0002451183
853,40.37,0.72,0.18,0.0002348,137.7,-54.7,-60.8,17.2,8.3,-1.5,0.0002484184
854,40.27,0.72,0.18,0.0002378,137.8,-54.9,-60.2,17.2,9.4,-1.4,0.0002523058
855,40.17,0.72,0.18,0.0002409,138.0,-55.1,-61.2,17.2,9.6,-1.2,0.0002546313
856,40.07,0.72,0.18,0.000244,138.2,-55.3,-60.5,17.3,9.1,-1.4,0.00025937199999999996
857,39.97,0.72,0.18,0.000247,138.3,-55.4,-61.1,17.2,8.8,-1.6,0.000262067
858,39.87,0.72,0.18,0.0002498,138.6,-55.4,-62.9,17.0,8.3,-1.8,0.0002667864
859,39.77,0.72,0.18,0.0002527,138.9,-55.4,-63.2,16.7,9.7,-1.8,0.0002751903
860,39.67,0.72,0.18,0.0002556,139.2,-55.4,-62.1,16.4,7.9,-1.6,0.0002745144
861,39.57,0.72,0.18,0.0002585,139.4,-55.4,-63.1,16.2,7.1,-2.0,0.00027892149999999996
862,39.47,0.72,0.18,0.0002614,139.7,-55.4,-62.4,15.9,8.4,-2.0,0.0002820506
863,39.37,0.72,0.18,0.0002644,140.0,-55.4,-61.9,15.7,7.9,-2.1,0.0002892536
864,39.27,0.72,0.18,0.0002674,140.3,-55.4,-60.9,15.4,6.6,-1.9,0.00028959419999999997
865,39.17,0.72,0.18,0.0002704,140.5,-55.4,-60.7,15.2,6.7,-2.0,0.0002971696
866,39.07,0.72,0.18,0.0002735,140.8,-55.4,-62.3,14.9,7.5,-2.2,0.000303038
867,38.97,0.72,0.18,0.0002766,141.1,-55.4,-59.7,14.6,7.2,-1.9,0.0003059196
868,38.87,0.72,0.18,0.0002798,141.4,-55.4,-59.2,14.4,6.4,-2.0,0.00030778000000000007
869,38.77,0.72,0.18,0.000283,141.6,-55.4,-58.9,14.1,6.6,-2.0,0.000308753
870,38.67,0.72,0.18,0.0002862,141.9,-55.4,-58.5,13.9,7.3,-2.0,0.0003053754
871,38.57,0.72,0.18,0.0002895,142.2,-55.4,-57.4,13.6,6.0,-1.9,0.0003094755
872,38.47,0.72,0.18,0.0002928,142.4,-55.4,-58.1,13.4,4.5,-2.0,0.00031212480000000005
873,38.37,0.72,0.18,0.0002962,142.7,-55.4,-58.1,13.1,2.9,-2.0,0.0003178226
874,38.27,0.72,0.18,0.0002995,143.0,-55.4,-58.0,12.8,2.1,-1.9,0.000322262
875,38.17,0.72,0.18,0.000303,143.3,-55.4,-55.6,12.6,3.4,-2.2,0.00032330099999999996
876,38.07,0.72,0.18,0.0003064,143.5,-55.4,-55.5,12.3,2.6,-2.3,0.00032784800000000005
877,37.97,0.72,0.18,0.0003099,143.8,-55.4,-55.5,12.1,1.6,-2.3,0.00032849400000000003
878,37.87,0.72,0.18,0.0003135,144.1,-55.4,-55.1,11.8,3.3,-2.6,0.00033387749999999996
879,37.77,0.72,0.18,0.0003171,144.4,-55.4,-55.2,11.6,3.2,-2.4,0.0003348576
880,37.67,0.72,0.19,0.0003207,144.6,-55.4,-54.1,11.3,4.2,-2.5,0.000336735
881,37.57,0.72,0.19,0.0003244,144.9,-55.4,-55.0,11.0,3.1,-2.5,0.00034191760000000005
882,37.47,0.72,0.19,0.0003281,145.2,-55.4,-55.5,10.8,2.8,-2.0,0.0003468017
883,37.37,0.72,0.19,0.0003319,145.5,-55.4,-54.8,10.5,1.8,-1.9,0.00034749929999999997
884,37.27,0.72,0.19,0.0003357,145.7,-55.4,-55.4,10.3,2.8,-1.9,0.00035047079999999997
885,37.17,0.72,0.19,0.0003395,146.0,-55.4,-54.4,10.0,2.2,-2.1,0.000355796
886,37.07,0.72,0.19,0.0003434,146.3,-55.4,-54.8,9.8,1.8,-2.0,0.0003626304
887,36.97,0.72,0.19,0.0003474,146.5,-55.4,-55.7,9.5,2.3,-1.8,0.0003633804
888,36.87,0.72,0.19,0.0003514,146.8,-55.4,-56.3,9.2,2.4,-1.8,0.0003738896
889,36.77,0.72,0.19,0.0003554,147.1,-55.4,-56.3,9.0,2.1,-1.7,0.0003753024
890,36.67,0.72,0.19,0.0003595,147.4,-55.4,-57.0,8.7,0.5,-1.3,0.00037891300000000004
891,36.57,0.72,0.19,0.0003636,147.6,-55.4,-56.9,8.5,-0.3,-1.3,0.0003828708
892,36.47,0.72,0.19,0.0003678,147.9,-55.4,-56.4,8.2,-0.5,-1.1,0.00038802899999999997
893,36.37,0.72,0.19,0.000372,148.2,-55.4,-57.2,8.0,-0.2,-1.1,0.00039618
894,36.27,0.72,0.19,0.0003763,148.5,-55.4,-56.4,7.7,0.1,-1.0,0.00039850169999999997
895,36.17,0.72,0.19,0.0003806,148.7,-55.4,-56.6,7.5,-1.9,-1.0,0.0004011524
896,36.07,0.72,0.19,0.000385,149.0,-55.4,-57.4,7.2,-2.8,-0.7,0.00040348
897,35.97,0.72,0.19,0.0003895,149.3,-55.4,-57.9,6.9,-2.7,-0.8,0.000410533
898,35.87,0.72,0.19,0.0003939,149.6,-55.4,-58.3,6.7,-2.0,-0.7,0.00041398889999999994
899,35.77,0.72,0.19,0.0003985,149.8,-55.4,-58.1,6.4,-0.6,-0.7,0.00041563549999999993
900,35.67,0.72,0.19,0.0004031,150.1,-55.4,-58.3,6.2,-0.9,-0.7,0.0004220457
901,35.57,0.72,0.19,0.0004077,150.4,-55.4,-59.2,5.9,-1.6,-0.8,0.00042523109999999996
902,35.47,0.72,0.19,0.0004124,150.6,-55.4,-58.3,5.7,-1.6,-0.7,0.0004301332
903,35.37,0.72,0.19,0.0004172,150.9,-55.4,-57.1,5.4,-0.2,-0.6,0.000435974
904,35.27,0.72,0.19,0.000422,151.2,-55.4,-57.9,5.1,0.5,-0.5,0.000441412
905,35.17,0.72,0.19,0.0004269,151.5,-55.4,-57.4,4.9,-0.1,-0.3,0.0004461105
906,35.07,0.72,0.19,0.0004318,151.7,-55.4,-57.6,4.6,-1.9,-0.3,0.0004417313999999999
907,34.97,0.72,0.19,0.0004367,152.0,-55.3,-58.2,4.4,-2.2,-0.4,0.0004445606
908,34.87,0.72,0.19,0.0004414,152.2,-55.1,-57.3,4.4,-2.9,-0.2,0.0004475796
909,34.77,0.72,0.19,0.0004462,152.4,-54.8,-57.0,4.3,-2.3,-0.5,0.0004497696
910,34.67,0.72,0.19,0.0004511,152.6,-54.5,-57.0,4.2,-1.9,-0.8,0.00045200220000000003
911,34.57,0.72,0.19,0.000456,152.9,-54.2,-57.1,4.1,-0.0,-0.9,0.000455544
912,34.47,0.72,0.19,0.0004609,153.1,-54.0,-55.8,4.1,-0.8,-0.9,0.0004590564
913,34.37,0.72,0.19,0.0004659,153.3,-53.7,-54.9,4.0,-1.5,-0.5,0.0004663658999999999
914,34.27,0.72,0.19,0.000471,153.5,-53.4,-56.2,3.9,-1.4,-0.3,0.000473826
915,34.17,0.72,0.19,0.0004761,153.7,-53.2,-56.7,3.9,-1.8,-0.2,0.00047752829999999995
916,34.07,0.72,0.19,0.0004813,153.9,-52.9,-56.3,3.8,-0.7,-0.3,0.0004832252
917,33.97,0.72,0.19,0.0004865,154.2,-52.6,-57.6,3.7,1.1,-0.2,0.0004830945
918,33.87,0.72,0.19,0.0004918,154.4,-52.4,-57.8,3.7,2.2,-0.2,0.00048343940000000003
919,33.77,0.72,0.19,0.0004972,154.6,-52.1,-56.6,3.6,3.6,-0.1,0.0004902392
920,33.67,0.72,0.19,0.0005026,154.8,-51.8,-56.0,3.5,2.6,-0.5,0.0004935531999999999
921,33.57,0.72,0.19,0.0005081,155.0,-51.6,-56.7,3.5,3.6,-0.3,0.0004974299000000001
922,33.47,0.72,0.19,0.0005136,155.2,-51.3,-55.3,3.4,2.9,-0.4,0.0005012736
923,33.37,0.72,0.19,0.0005192,155.5,-51.0,-55.9,3.3,2.0,-0.5,0.0005025856
924,33.27,0.72,0.19,0.0005248,155.7,-50.8,-55.1,3.3,2.0,-0.6,0.0005038079999999999
925,33.17,0.72,0.19,0.0005305,155.9,-50.5,-54.3,3.2,3.2,-0.8,0.000511402
926,33.07,0.72,0.19,0.0005363,156.1,-50.2,-53.2,3.1,3.0,-0.6,0.0005159206
927,32.97,0.72,0.19,0.0005422,156.3,-50.0,-53.8,3.1,3.9,-0.5,0.0005281028
928,32.87,0.72,0.19,0.0005481,156.5,-49.7,-53.5,3.0,3.5,-0.8,0.0005267241
929,32.77,0.72,0.19,0.000554,156.7,-49.4,-53.9,2.9,3.3,-0.9,0.00053461
930,32.67,0.72,0.19,0.0005601,157.0,-49.2,-52.9,2.9,3.7,-0.9,0.0005410566
931,32.57,0.72,0.19,0.0005662,157.2,-48.9,-51.4,2.8,3.5,-1.1,0.0005390223999999999
932,32.47,0.72,0.19,0.0005724,157.4,-48.6,-51.3,2.7,3.2,-0.9,0.0005472144
933,32.37,0.72,0.19,0.0005786,157.6,-48.4,-51.7,2.7,3.0,-0.9,0.0005531415999999999
934,32.27,0.72,0.19,0.0005849,157.8,-48.1,-51.8,2.6,4.2,-1.2,0.0005620889
935,32.17,0.72,0.19,0.0005913,158.0,-47.8,-52.5,2.5,5.9,-1.5,0.0005670566999999999
936,32.07,0.72,0.19,0.0005978,158.3,-47.6,-50.9,2.5,5.2,-1.8,0.0005768769999999999
937,31.97,0.72,0.19,0.0006043,158.5,-47.3,-50.1,2.4,3.8,-1.9,0.0005837538
938,31.87,0.72,0.19,0.0006109,158.7,-47.0,-48.3,2.3,3.9,-2.1,0.0005889076
939,31.77,0.72,0.19,0.0006175,158.9,-46.8,-46.5,2.3,2.9,-1.8,0.0005971225
940,31.67,0.72,0.19,0.0006243,159.1,-46.5,-47.4,2.2,3.3,-2.0,0.0006061953
941,31.57,0.72,0.19,0.0006311,159.3,-46.2,-46.7,2.1,4.9,-2.1,0.0006071182
942,31.47,0.72,0.19,0.000638,159.6,-46.0,-47.6,2.1,6.3,-2.1,0.0006080139999999999
943,31.37,0.72,0.19,0.000645,159.8,-45.7,-48.2,2.0,6.5,-2.3,0.000617265
944,31.27,0.72,0.19,0.000652,160.0,-45.4,-48.1,1.9,6.8,-2.4,0.000623964
945,31.17,0.72,0.19,0.0006591,160.2,-45.2,-47.2,1.9,6.5,-2.3,0.0006366906
946,31.07,0.72,0.19,0.0006663,160.4,-44.9,-47.6,1.8,5.6,-2.3,0.0006389817
947,30.97,0.72,0.19,0.0006736,160.6,-44.6,-47.6,1.7,5.9,-2.5,0.0006473296
948,30.87,0.72,0.19,0.000681,160.8,-44.3,-47.2,1.7,5.7,-2.5,0.00066057
949,30.77,0.72,0.19,0.0006884,161.1,-44.1,-47.2,1.6,4.3,-2.6,0.0006753204
950,30.67,0.72,0.19,0.000696,161.3,-43.8,-45.9,1.5,4.9,-2.6,0.000680688
951,30.57,0.72,0.19,0.0007036,161.5,-43.5,-45.8,1.5,5.0,-2.5,0.0006867135999999999
952,30.47,0.72,0.19,0.0007113,161.7,-43.3,-45.7,1.4,4.3,-2.3,0.0006992079
953,30.37,0.72,0.19,0.0007191,161.9,-43.0,-45.5,1.3,4.5,-2.1,0.0007004034
954,30.27,0.72,0.19,0.0007269,162.1,-42.7,-45.0,1.2,4.8,-2.1,0.0007138158000000001
955,30.17,0.72,0.19,0.0007349,162.4,-42.5,-43.7,1.2,4.6,-2.0,0.0007253463
956,30.07,0.72,0.19,0.0007429,162.6,-42.2,-42.8,1.1,3.5,-1.8,0.0007406713
957,29.97,0.72,0.19,0.0007509,162.8,-42.0,-43.3,1.0,2.7,-1.9,0.0007486473
958,29.87,0.72,0.19,0.0007585,163.0,-41.8,-44.5,1.0,4.1,-1.8,0.000753949
959,29.77,0.72,0.19,0.0007662,163.2,-41.7,-43.7,0.9,4.7,-2.2,0.0007501097999999999
960,29.67,0.72,0.19,0.0007739,163.4,-41.5,-42.3,0.8,5.3,-2.1,0.0007553264
961,29.57,0.72,0.19,0.0007818,163.6,-41.4,-41.3,0.7,5.2,-2.0,0.0007552188
962,29.47,0.72,0.19,0.0007897,163.8,-41.3,-40.3,0.6,4.8,-2.1,0.0007494253
963,29.37,0.72,0.19,0.0007977,164.0,-41.1,-41.2,0.5,4.1,-2.1,0.0007506357
964,29.27,0.72,0.19,0.0008058,164.3,-41.0,-41.0,0.4,3.5,-2.3,0.0007574519999999999
965,29.17,0.72,0.19,0.000814,164.5,-40.8,-40.2,0.4,2.0,-2.5,0.0007586480000000001
966,29.07,0.72,0.19,0.0008222,164.7,-40.7,-40.6,0.3,2.2,-2.6,0.0007712236
967,28.97,0.72,0.19,0.0008306,164.9,-40.6,-40.9,0.2,1.8,-2.5,0.0007757804
968,28.87,0.72,0.19,0.000839,165.1,-40.4,-39.7,0.1,0.8,-2.6,0.000778592
969,28.77,0.72,0.19,0.0008475,165.3,-40.3,-38.9,0.0,1.4,-2.7,0.0007839375
970,28.67,0.72,0.19,0.0008561,165.5,-40.1,-37.9,-0.1,2.1,-2.8,0.0007918925
971,28.57,0.72,0.2,0.0008648,165.7,-40.0,-37.6,-0.2,1.4,-2.7,0.0008042640000000001
972,28.47,0.72,0.2,0.0008736,165.9,-39.8,-36.4,-0.3,1.4,-2.9,0.0008107008
973,28.37,0.72,0.2,0.0008824,166.2,-39.7,-36.3,-0.3,1.2,-3.0,0.0008232792000000001
974,28.27,0.72,0.2,0.0008914,166.4,-39.6,-35.9,-0.4,2.1,-2.5,0.0008343504
975,28.17,0.72,0.2,0.0009004,166.6,-39.4,-35.5,-0.5,3.3,-2.3,0.0008409736000000001
976,28.07,0.72,0.2,0.0009096,166.8,-39.3,-35.7,-0.6,3.5,-2.1,0.0008395608
977,27.97,0.72,0.2,0.0009188,167.0,-39.1,-35.7,-0.7,3.0,-2.2,0.0008590780000000001
978,27.87,0.72,0.2,0.0009281,167.2,-39.0,-36.6,-0.8,2.6,-2.4,0.000863133
979,27.77,0.72,0.2,0.0009376,167.4,-38.8,-35.9,-0.9,2.1,-2.4,0.0008607168
980,27.67,0.72,0.2,0.0009471,167.6,-38.7,-35.6,-0.9,1.5,-2.3,0.0008656494
981,27.57,0.72,0.2,0.0009567,167.8,-38.6,-37.6,-1.0,0.2,-2.2,0.0008619867
982,27.47,0.72,0.2,0.0009665,168.1,-38.4,-37.3,-1.1,-0.1,-2.0,0.0008737160000000001
983,27.37,0.72,0.2,0.0009763,168.3,-38.3,-39.1,-1.2,-0.1,-2.1,0.0008737885000000001
984,27.27,0.72,0.2,0.0009862,168.5,-38.1,-38.9,-1.3,-0.1,-2.1,0.0008757456
985,27.17,0.72,0.2,0.0009962,168.7,-38.0,-38.4,-1.4,-0.7,-2.1,0.0008726712000000001
986,27.07,0.72,0.2,0.001006,168.9,-37.9,-37.7,-1.5,-1.6,-2.0,0.000874214
987,26.97,0.72,0.2,0.001017,169.1,-37.7,-37.2,-1.5,-1.5,-2.0,0.0008837729999999999
988,26.87,0.72,0.2,0.001027,169.3,-37.6,-36.6,-1.6,-1.3,-2.1,0.0008914359999999999
989,26.77,0.72,0.2,0.001037,169.5,-37.4,-37.2,-1.7,-0.4,-2.0,0.0008980419999999999
990,26.67,0.72,0.2,0.001048,169.7,-37.3,-36.7,-1.8,-0.2,-2.2,0.0009023280000000001
991,26.57,0.72,0.2,0.001059,169.9,-37.1,-36.9,-1.9,-0.8,-2.1,0.000911799
992,26.47,0.72,0.2,0.001069,170.2,-37.0,-36.9,-2.0,0.3,-2.2,0.0009257540000000001
993,26.37,0.72,0.2,0.00108,170.4,-36.9,-36.1,-2.1,0.7,-2.4,0.00094068
994,26.27,0.72,0.2,0.001091,170.6,-36.7,-34.4,-2.1,1.2,-2.3,0.0009513519999999999
995,26.17,0.72,0.2,0.001102,170.8,-36.6,-35.5,-2.2,0.9,-2.5,0.0009774739999999999
996,26.07,0.72,0.2,0.001114,171.0,-36.4,-34.8,-2.3,-0.1,-2.7,0.000984776
997,25.97,0.72,0.2,0.001125,171.2,-36.3,-34.4,-2.4,0.8,-2.6,0.001000125
998,25.87,0.72,0.2,0.001136,171.4,-36.1,-35.1,-2.5,0.0,-2.7,0.0010087680000000002
999,25.77,0.72,0.2,0.001148,171.6,-36.0,-35.1,-2.6,-0.5,-2.6,0.00102172
1000,25.67,0.72,0.2,0.00116,171.8,-35.9,-35.2,-2.7,-0.8,-2.7,0.00102428
1001,25.57,0.72,0.2,0.001172,172.1,-35.7,-34.3,-2.8,-0.0,-2.7,0.0010383920000000002
1002,25.47,0.72,0.2,0.001184,172.3,-35.6,-34.4,-2.8,0.9,-2.6,0.00105376
1003,25.37,0.72,0.2,0.001196,172.5,-35.4,-32.4,-2.9,0.8,-2.6,0.001063244
1004,25.27,0.72,0.2,0.001208,172.7,-35.3,-32.5,-3.0,1.3,-2.3,0.001065456
1005,25.17,0.72,0.2,0.00122,172.9,-35.2,-33.2,-3.1,1.5,-2.0,0.00107238
1006,25.07,0.72,0.2,0.001233,173.1,-35.0,-33.8,-3.2,1.4,-1.6,0.001082574
1007,24.97,0.72,0.2,0.001245,173.3,-34.8,-32.0,-3.3,-0.2,-1.5,0.001091865
1008,24.87,0.72,0.2,0.001258,173.5,-34.6,-32.3,-3.3,-0.9,-1.5,0.001099492
1009,24.77,0.72,0.2,0.00127,173.7,-34.4,-32.2,-3.4,0.2,-1.7,0.00112395
1010,24.67,0.72,0.2,0.001283,173.9,-34.1,-32.1,-3.5,-0.7,-1.9,0.00112904
1011,24.57,0.72,0.2,0.001296,174.0,-33.9,-31.6,-3.6,-0.4,-1.8,0.0011275200000000001
1012,24.47,0.72,0.2,0.001309,174.2,-33.7,-31.5,-3.6,-0.8,-1.8,0.001140139
1013,24.37,0.72,0.2,0.001322,174.4,-33.4,-32.0,-3.7,-0.9,-1.9,0.001152784
1014,24.27,0.72,0.2,0.001335,174.6,-33.2,-32.8,-3.8,-1.1,-1.9,0.00116946
1015,24.17,0.72,0.2,0.001348,174.8,-32.9,-31.8,-3.8,-1.4,-1.9,0.001188936
1016,24.07,0.72,0.2,0.001362,175.0,-32.7,-32.0,-3.9,-2.4,-1.8,0.001209456
1017,23.97,0.72,0.2,0.001376,175.1,-32.5,-29.6,-4.0,-1.6,-2.0,0.001213632
1018,23.87,0.72,0.2,0.001389,175.3,-32.2,-29.4,-4.1,-2.1,-2.0,0.001233432
1019,23.77,0.72,0.2,0.001403,175.5,-32.0,-29.8,-4.1,-2.2,-2.0,0.001254282
1020,23.67,0.72,0.2,0.001417,175.7,-31.8,-29.9,-4.2,-1.4,-1.8,0.001278134
1021,23.57,0.72,0.2,0.001432,175.9,-31.5,-29.7,-4.3,-1.7,-1.5,0.0013016879999999998
1022,23.47,0.72,0.2,0.001446,176.0,-31.3,-28.8,-4.4,-1.4,-1.1,0.00130863
1023,23.37,0.72,0.2,0.00146,176.2,-31.0,-28.6,-4.4,-1.3,-1.3,0.00131692
1024,23.27,0.72,0.2,0.001475,176.4,-30.8,-28.9,-4.5,-0.1,-1.3,0.001340775
1025,23.17,0.72,0.2,0.00149,176.6,-30.6,-28.8,-4.6,0.5,-1.2,0.00134994
1026,23.07,0.72,0.2,0.001505,176.8,-30.3,-28.2,-4.7,0.3,-1.2,0.001374065
1027,22.97,0.72,0.2,0.00152,177.0,-30.1,-27.1,-4.7,-0.4,-1.0,0.0013908000000000002
1028,22.87,0.72,0.2,0.001535,177.1,-29.9,-26.6,-4.8,-0.6,-1.1,0.001398385
1029,22.77,0.72,0.2,0.001551,177.3,-29.6,-26.1,-4.9,-1.1,-1.2,0.0014176140000000002
1030,22.67,0.72,0.2,0.001566,177.5,-29.4,-27.0,-4.9,-1.1,-1.0,0.0014313239999999999
1031,22.57,0.72,0.2,0.001582,177.7,-29.1,-26.4,-5.0,-1.9,-0.7,0.001445948
1032,22.47,0.72,0.2,0.001598,177.9,-28.9,-26.4,-5.1,-2.0,-1.0,0.001457376
1033,22.37,0.72,0.2,0.001614,178.1,-28.7,-26.4,-5.2,-2.6,-1.2,0.001471968
1034,22.27,0.72,0.2,0.00163,178.2,-28.4,-25.5,-5.2,-4.1,-1.0,0.00148982
1035,22.17,0.72,0.2,0.001647,178.4,-28.2,-23.9,-5.3,-4.0,-0.9,0.001518534
1036,22.07,0.72,0.2,0.001663,178.6,-27.9,-23.5,-5.4,-4.4,-0.7,0.0015299600000000001
1037,21.97,0.72,0.2,0.00168,178.8,-27.7,-24.0,-5.5,-4.4,-0.8,0.0015607200000000002
1038,21.87,0.72,0.2,0.001697,179.0,-27.5,-24.1,-5.5,-5.0,-0.8,0.001583301
1039,21.77,0.72,0.2,0.001714,179.2,-27.2,-23.4,-5.6,-5.7,-0.7,0.0015854500000000002
1040,21.67,0.72,0.2,0.001731,179.3,-27.0,-23.3,-5.7,-5.4,-0.5,0.001589058
1041,21.57,0.72,0.2,0.001748,179.5,-26.8,-21.4,-5.7,-6.4,-0.7,0.00160816
1042,21.47,0.72,0.2,0.001766,179.7,-26.5,-21.2,-5.8,-6.2,-0.6,0.00163355
1043,21.37,0.72,0.2,0.001784,179.9,-26.3,-20.6,-5.9,-6.0,-0.5,0.0016305760000000001
1044,21.27,0.72,0.2,0.001802,180.1,-26.0,-20.4,-6.0,-6.3,-0.5,0.00163982
1045,21.17,0.72,0.2,0.00182,180.2,-25.8,-20.5,-6.0,-6.4,-0.4,0.0016507400000000001
1046,21.07,0.72,0.2,0.001838,180.4,-25.6,-20.3,-6.1,-5.7,-0.3,0.00166339
1047,20.97,0.72,0.2,0.001856,180.6,-25.3,-19.1,-6.2,-5.9,-0.4,0.001672256
1048,20.87,0.72,0.2,0.001875,180.8,-25.1,-18.7,-6.3,-5.5,-0.4,0.00167625
1049,20.77,0.72,0.2,0.001894,181.0,-24.9,-19.6,-6.3,-5.1,-0.5,0.001710282
1050,20.67,0.72,0.2,0.001913,181.2,-24.6,-19.6,-6.4,-5.5,-0.4,0.0017370040000000001
1051,20.57,0.72,0.2,0.001932,181.3,-24.4,-20.5,-6.5,-5.0,-0.6,0.0017426639999999999
1052,20.47,0.72,0.2,0.001952,181.5,-24.1,-20.7,-6.5,-4.3,-0.5,0.001770464
1053,20.37,0.72,0.2,0.001971,181.7,-23.9,-19.9,-6.6,-5.1,-0.8,0.0017916390000000003
1054,20.27,0.72,0.2,0.001991,181.9,-23.7,-18.3,-6.7,-5.6,-0.8,0.001815792
1055,20.17,0.72,0.2,0.002011,182.1,-23.4,-17.2,-6.8,-6.9,-0.8,0.0018340320000000002
1056,20.07,0.72,0.2,0.002032,182.3,-23.2,-17.2,-6.8,-6.6,-0.9,0.001867408
1057,19.97,0.72,0.2,0.002052,182.4,-22.9,-16.8,-6.9,-5.1,-0.8,0.001893996
1058,19.87,0.72,0.2,0.002072,182.6,-22.4,-17.5,-6.8,-4.9,-0.7,0.0019145280000000002
1059,19.77,0.72,0.2,0.002092,182.8,-22.0,-17.3,-6.8,-5.3,-0.8,0.0019330080000000002
1060,19.67,0.72,0.2,0.002112,183.0,-21.5,-16.8,-6.7,-5.6,-0.4,0.0019578240000000004
1061,19.57,0.72,0.2,0.002132,183.1,-21.0,-15.7,-6.7,-6.0,-0.5,0.0019912880000000003
1062,19.47,0.72,0.21,0.002153,183.3,-20.6,-14.6,-6.6,-6.4,-0.6,0.002015208
1063,19.37,0.72,0.21,0.002174,183.5,-20.1,-12.3,-6.6,-6.0,-0.5,0.0020305160000000004
1064,19.27,0.72,0.21,0.002195,183.7,-19.6,-11.6,-6.5,-6.3,-0.3,0.002056715
1065,19.17,0.72,0.21,0.002216,183.8,-19.2,-10.6,-6.5,-5.5,-0.2,0.002058664
1066,19.07,0.72,0.21,0.002238,184.0,-18.7,-9.3,-6.4,-5.8,-0.4,0.002094768
1067,18.97,0.72,0.21,0.002259,184.2,-18.2,-8.8,-6.4,-5.9,-0.6,0.0021166830000000003
1068,18.87,0.72,0.21,0.002281,184.3,-17.8,-7.8,-6.3,-5.5,-0.5,0.002141859
1069,18.77,0.72,0.21,0.002303,184.5,-17.3,-8.3,-6.3,-5.6,-0.3,0.0021556080000000003
1070,18.67,0.72,0.21,0.002325,184.7,-16.9,-8.0,-6.2,-6.6,-0.4,0.002155275
1071,18.57,0.72,0.21,0.002348,184.9,-16.4,-6.3,-6.2,-7.3,-0.2,0.00218364
1072,18.47,0.72,0.21,0.002371,185.0,-15.9,-6.7,-6.1,-7.5,-0.3,0.002219256
1073,18.37,0.72,0.21,0.002394,185.2,-15.5,-6.5,-6.0,-6.4,-0.2,0.00222642
1074,18.27,0.72,0.21,0.002417,185.4,-15.0,-5.1,-6.0,-7.4,-0.3,0.002242976
1075,18.17,0.72,0.21,0.00244,185.6,-14.5,-5.2,-5.9,-7.7,-0.5,0.00226676
1076,18.07,0.72,0.21,0.002464,185.7,-14.1,-5.4,-5.9,-7.1,-0.4,0.002281664
1077,17.97,0.72,0.21,0.002488,185.9,-13.6,-4.6,-5.8,-6.8,-0.4,0.0023163280000000003
1078,17.87,0.72,0.21,0.002512,186.1,-13.1,-3.7,-5.8,-7.0,-0.4,0.0023562559999999997
1079,17.77,0.72,0.21,0.002536,186.2,-12.7,-3.8,-5.7,-6.9,-0.3,0.002381304
1080,17.67,0.72,0.21,0.002561,186.4,-12.2,-3.5,-5.7,-7.1,-0.4,0.002409901
1081,17.57,0.72,0.21,0.002586,186.6,-11.7,-3.4,-5.6,-7.7,-0.3,0.00243084
1082,17.47,0.72,0.21,0.002611,186.8,-11.3,-3.1,-5.6,-8.0,-0.3,0.002446507
1083,17.37,0.72,0.21,0.002636,186.9,-10.8,-2.3,-5.5,-7.0,-0.7,0.00247784
1084,17.27,0.72,0.21,0.002661,187.1,-10.4,-1.5,-5.5,-6.5,-0.7,0.002504001
1085,17.17,0.72,0.21,0.002687,187.3,-9.9,-1.0,-5.4,-6.8,-0.8,0.0025123450000000005
1086,17.07,0.72,0.21,0.002713,187.5,-9.4,-0.2,-5.4,-6.2,-0.8,0.002547507
1087,16.97,0.72,0.21,0.00274,187.6,-9.0,-0.1,-5.3,-6.1,-0.6,0.00258656
1088,16.87,0.72,0.21,0.002766,187.8,-8.5,0.6,-5.3,-6.9,-0.6,0.0026304659999999997
1089,16.77,0.72,0.21,0.002793,188.0,-8.0,0.2,-5.2,-5.8,-0.7,0.002661729
1090,16.67,0.72,0.21,0.00282,188.2,-7.6,-0.0,-5.2,-5.6,-0.9,0.00271002
1091,16.57,0.72,0.21,0.002847,188.3,-7.1,-0.3,-5.1,-5.3,-0.7,0.002738814
1092,16.47,0.72,0.21,0.002875,188.5,-6.6,-0.7,-5.1,-4.4,-0.5,0.002780125
1093,16.37,0.72,0.21,0.002903,188.7,-6.2,-0.3,-5.0,-4.6,-0.5,0.002810104
1094,16.27,0.72,0.21,0.002931,188.8,-5.7,-0.7,-5.0,-4.9,-0.6,0.0028225529999999998
1095,16.17,0.72,0.21,0.00296,189.0,-5.2,-1.1,-4.9,-4.8,-0.5,0.00285048
1096,16.07,0.72,0.21,0.002988,189.2,-4.8,-0.3,-4.9,-4.8,-0.3,0.0028774440000000003
1097,15.97,0.72,0.21,0.003017,189.4,-4.3,-0.1,-4.8,-5.2,-0.3,0.002884252
1098,15.87,0.72,0.21,0.003047,189.5,-3.8,-0.3,-4.8,-4.2,-0.3,0.0029098849999999996
1099,15.77,0.72,0.21,0.003076,189.7,-3.4,0.8,-4.7,-4.0,-0.1,0.00293758
1100,15.67,0.72,0.21,0.003106,189.9,-2.9,0.8,-4.7,-4.1,-0.3,0.00296623
1101,15.57,0.72,0.21,0.003136,190.1,-2.5,1.7,-4.6,-4.3,-0.6,0.002982336
1102,15.47,0.72,0.21,0.003167,190.2,-2.0,2.0,-4.6,-5.0,-0.7,0.003002316
1103,15.37,0.72,0.21,0.003197,190.4,-1.5,3.2,-4.5,-5.1,-0.8,0.00303715
1104,15.27,0.72,0.21,0.003228,190.6,-1.1,3.0,-4.4,-4.9,-0.9,0.003076284
1105,15.17,0.72,0.21,0.00326,190.8,-0.6,3.4,-4.4,-5.2,-1.0,0.0031100399999999997
1106,15.07,0.72,0.21,0.003291,190.9,-0.1,3.3,-4.3,-4.8,-1.0,0.003129741
1107,14.97,0.72,0.21,0.003323,191.1,0.3,3.0,-4.3,-4.5,-0.9,0.0031834339999999997
1108,14.87,0.72,0.21,0.003353,191.3,0.5,3.2,-4.3,-4.4,-0.9,0.003222233
1109,14.77,0.72,0.21,0.003384,191.5,0.7,4.1,-4.2,-4.4,-1.0,0.0032486399999999997
1110,14.67,0.72,0.21,0.003415,191.7,0.9,4.6,-4.2,-4.8,-0.8,0.00325108
1111,14.57,0.72,0.21,0.003446,191.9,1.1,4.7,-4.2,-4.2,-0.9,0.0032805919999999997
1112,14.47,0.72,0.21,0.003477,192.1,1.3,4.6,-4.1,-3.7,-1.1,0.00326838
1113,14.37,0.72,0.21,0.003509,192.2,1.5,4.3,-4.1,-4.3,-1.1,0.0032984599999999996
1114,14.27,0.72,0.21,0.003541,192.4,1.7,4.8,-4.0,-5.5,-1.0,0.003303753
1115,14.17,0.72,0.21,0.003574,192.6,1.9,5.2,-4.0,-5.0,-0.8,0.003338116
1116,14.07,0.72,0.21,0.003606,192.8,2.1,3.8,-4.0,-5.1,-0.9,0.0033932459999999995
1117,13.97,0.72,0.21,0.003639,193.0,2.3,4.2,-3.9,-4.4,-0.9,0.0034170209999999997
1118,13.87,0.72,0.21,0.003673,193.2,2.5,4.0,-3.9,-4.9,-0.8,0.00348935
1119,13.77,0.72,0.21,0.003706,193.4,2.7,5.3,-3.9,-3.9,-0.6,0.003535524
1120,13.67,0.72,0.21,0.00374,193.6,2.9,5.3,-3.8,-3.5,-0.6,0.0035866599999999998
1121,13.57,0.72,0.21,0.003774,193.8,3.1,6.0,-3.8,-3.6,-0.6,0.003600396
1122,13.47,0.72,0.21,0.003809,193.9,3.3,6.7,-3.8,-3.8,-0.6,0.003629977
1123,13.37,0.72,0.21,0.003844,194.1,3.5,6.9,-3.7,-4.7,-0.6,0.00367102
1124,13.27,0.72,0.21,0.003879,194.3,3.7,7.5,-3.7,-5.2,-0.6,0.003688929
1125,13.17,0.72,0.21,0.003914,194.5,3.9,6.7,-3.6,-4.5,-0.7,0.003730042
1126,13.07,0.72,0.21,0.00395,194.7,4.1,6.8,-3.6,-4.3,-0.7,0.00376435
1127,12.97,0.72,0.21,0.003986,194.9,4.3,7.0,-3.6,-4.1,-0.8,0.003818588
1128,12.87,0.72,0.21,0.004023,195.1,4.6,7.5,-3.5,-4.3,-0.8,0.0038339189999999994
1129,12.77,0.72,0.21,0.004059,195.3,4.8,7.0,-3.5,-3.3,-1.0,0.003864168
1130,12.67,0.72,0.21,0.004097,195.5,5.0,7.1,-3.5,-3.8,-1.1,0.003920829
1131,12.57,0.72,0.21,0.004134,195.6,5.2,7.0,-3.4,-3.4,-1.1,0.003989309999999999
1132,12.47,0.72,0.21,0.004172,195.8,5.4,7.7,-3.4,-4.3,-1.0,0.004055184
1133,12.37,0.72,0.21,0.00421,196.0,5.6,8.2,-3.4,-5.5,-1.0,0.00409212
1134,12.27,0.72,0.21,0.004249,196.2,5.8,7.5,-3.3,-5.6,-0.9,0.0041427750000000005
1135,12.17,0.72,0.21,0.004288,196.4,6.0,6.8,-3.3,-5.0,-0.7,0.0041808
1136,12.07,0.72,0.21,0.004327,196.6,6.2,7.0,-3.3,-5.2,-0.8,0.00424046
1137,11.97,0.72,0.21,0.004366,196.8,6.4,7.1,-3.2,-5.0,-0.9,0.0043092420000000005
1138,11.87,0.72,0.21,0.004406,197.0,6.6,7.1,-3.2,-4.9,-0.8,0.004348722
1139,11.77,0.72,0.21,0.004447,197.2,6.8,8.2,-3.1,-5.3,-0.7,0.0043714010000000005
1140,11.67,0.72,0.21,0.004488,197.3,7.0,8.3,-3.1,-5.4,-0.6,0.0043982399999999994
1141,11.57,0.72,0.21,0.004529,197.5,7.2,8.5,-3.1,-5.0,-0.6,0.004442949
1142,11.47,0.72,0.21,0.00457,197.7,7.4,8.2,-3.0,-5.3,-0.5,0.0044786
1143,11.37,0.72,0.21,0.004612,197.9,7.6,8.7,-3.0,-4.8,-0.5,0.004519759999999999
1144,11.27,0.72,0.21,0.004654,198.1,7.8,8.5,-3.0,-4.7,-0.5,0.004588844
1145,11.17,0.72,0.21,0.004697,198.3,8.0,9.0,-2.9,-5.1,-0.6,0.004598362999999999
1146,11.07,0.72,0.21,0.00474,198.5,8.2,9.2,-2.9,-4.7,-0.5,0.00462624
1147,10.97,0.72,0.21,0.004783,198.7,8.4,9.6,-2.9,-5.0,-0.4,0.004677774
1148,10.87,0.72,0.21,0.004827,198.9,8.6,10.2,-2.8,-5.2,-0.5,0.004687017
1149,10.77,0.72,0.21,0.004872,199.0,8.8,10.3,-2.8,-5.8,-0.4,0.0047501999999999996
1150,10.67,0.72,0.21,0.004916,199.2,9.0,10.4,-2.7,-5.7,-0.3,0.004807848
1151,10.57,0.72,0.21,0.004961,199.4,9.2,10.6,-2.7,-5.4,-0.3,0.004856819
1152,10.47,0.72,0.21,0.005007,199.6,9.5,11.0,-2.7,-5.7,-0.3,0.004886832
1153,10.37,0.72,0.22,0.005053,199.8,9.7,11.2,-2.6,-6.2,-0.4,0.004926675
1154,10.27,0.72,0.22,0.005099,200.0,9.9,11.6,-2.6,-6.9,-0.3,0.004986822
1155,10.17,0.72,0.22,0.005146,200.2,10.1,11.5,-2.6,-6.9,-0.3,0.005027642000000001
1156,10.07,0.72,0.22,0.005193,200.4,10.3,11.3,-2.5,-6.3,-0.3,0.00508914
1157,9.97,0.72,0.22,0.00524,200.6,10.4,11.3,-2.5,-6.0,-0.3,0.00511948
1158,9.87,0.72,0.22,0.005285,200.8,10.3,10.4,-2.4,-5.7,-0.3,0.00514759
1159,9.77,0.72,0.22,0.005331,201.0,10.2,11.0,-2.3,-6.0,-0.4,0.005187063
1160,9.67,0.72,0.22,0.005377,201.2,10.1,10.2,-2.2,-6.1,-0.6,0.005274837
1161,9.57,0.72,0.22,0.005423,201.4,10.0,9.9,-2.2,-5.5,-0.7,0.0053145399999999995
1162,9.47,0.72,0.22,0.00547,201.6,9.9,9.1,-2.1,-5.2,-0.7,0.00536607
1163,9.37,0.72,0.22,0.005518,201.8,9.8,9.2,-2.0,-5.5,-0.7,0.0054407480000000005
1164,9.27,0.72,0.22,0.005565,202.0,9.7,9.2,-1.9,-5.8,-0.5,0.00549822
1165,9.17,0.72,0.22,0.005613,202.2,9.6,9.1,-1.8,-5.2,-0.5,0.005562483
1166,9.07,0.72,0.22,0.005662,202.4,9.5,9.1,-1.7,-6.0,-0.6,0.005588394
1167,8.97,0.72,0.22,0.005711,202.6,9.4,9.5,-1.7,-5.8,-0.3,0.005631046
1168,8.87,0.72,0.22,0.00576,202.8,9.3,9.7,-1.6,-5.7,-0.3,0.00570816
1169,8.77,0.72,0.22,0.00581,203.0,9.3,9.9,-1.5,-4.9,-0.2,0.00574028
1170,8.67,0.72,0.22,0.00586,203.2,9.2,10.0,-1.4,-5.3,-0.3,0.00581312
1171,8.57,0.72,0.22,0.005911,203.5,9.1,9.2,-1.3,-5.7,-0.1,0.005857800999999999
1172,8.47,0.72,0.22,0.005962,203.7,9.0,9.2,-1.3,-5.1,-0.2,0.0059023800000000005
1173,8.37,0.72,0.22,0.006014,203.9,8.9,9.8,-1.2,-4.8,-0.1,0.005971902
1174,8.27,0.72,0.22,0.006066,204.1,8.8,9.3,-1.1,-4.4,0.0,0.006023538
1175,8.17,0.72,0.22,0.006118,204.3,8.7,9.2,-1.0,-3.6,0.0,0.0060262300000000005
1176,8.07,0.72,0.22,0.006171,204.5,8.6,8.9,-0.9,-3.9,-0.0,0.006084606
1177,7.97,0.72,0.22,0.006224,204.7,8.5,8.6,-0.8,-4.1,0.0,0.006111968000000001
1178,7.87,0.72,0.22,0.006278,204.9,8.4,8.3,-0.8,-3.7,-0.0,0.0061524399999999995
1179,7.77,0.72,0.22,0.006333,205.1,8.3,8.9,-0.7,-4.2,-0.2,0.006225339
1180,7.67,0.72,0.22,0.006387,205.3,8.2,9.4,-0.6,-3.9,-0.4,0.006303969
1181,7.57,0.72,0.22,0.006443,205.5,8.1,8.9,-0.5,-3.2,-0.4,0.006391456
1182,7.47,0.72,0.22,0.006499,205.7,8.0,9.6,-0.4,-3.2,-0.4,0.006460006
1183,7.37,0.72,0.22,0.006555,205.9,7.9,9.1,-0.4,-3.4,-0.4,0.006509115
1184,7.27,0.72,0.22,0.006612,206.1,7.8,8.6,-0.3,-3.8,-0.4,0.0065194319999999995
1185,7.17,0.72,0.22,0.006669,206.3,7.7,8.3,-0.2,-4.0,-0.4,0.006555627
1186,7.07,0.72,0.22,0.006727,206.5,7.6,7.7,-0.1,-4.1,-0.2,0.006599187
1187,6.97,0.72,0.22,0.006785,206.8,7.5,8.5,-0.0,-3.9,-0.1,0.0066493
1188,6.87,0.72,0.22,0.006844,207.0,7.5,8.6,0.1,-2.1,-0.2,0.0066729
1189,6.77,0.72,0.22,0.006903,207.2,7.4,8.3,0.1,-1.6,-0.1,0.006723522
1190,6.67,0.72,0.22,0.006963,207.4,7.3,8.4,0.2,-1.4,-0.1,0.0067889249999999995
1191,6.57,0.72,0.22,0.007023,207.6,7.2,9.2,0.3,-1.0,-0.2,0.006847425
1192,6.47,0.72,0.22,0.007084,207.8,7.1,9.0,0.4,-0.9,-0.2,0.0068927319999999995
1193,6.37,0.72,0.22,0.007146,208.0,7.0,9.5,0.5,-0.7,-0.1,0.006953058
1194,6.27,0.72,0.22,0.007208,208.2,6.9,9.1,0.5,-0.1,-0.1,0.007013384
1195,6.17,0.72,0.22,0.00727,208.4,6.8,8.7,0.6,-0.3,0.1,0.00709552
1196,6.07,0.72,0.22,0.007333,208.6,6.7,8.7,0.7,-0.1,-0.0,0.007171674
1197,5.97,0.72,0.22,0.007397,208.8,6.6,7.4,0.8,-0.1,0.0,0.007293442
1198,5.87,0.72,0.22,0.007461,209.0,6.5,7.4,0.9,0.5,0.0,0.007393851
1199,5.77,0.72,0.22,0.007526,209.2,6.4,7.2,1.0,0.4,0.1,0.007443213999999999
