,HgtMOLA,LatPC,LonW,Denkgm3,Temp,EWind,EWTot,NWind,NWTot,VWind,DensP
0,124.79,0.02,359.05,1.72e-09,122.1,14.3,19.1,19.2,32.0,-2.2,1.30892e-09
1,124.69,0.02,359.05,1.747e-09,122.0,14.2,19.2,19.3,33.2,-2.0,1.3085030000000001e-09
2,124.59,0.02,359.05,1.774e-09,121.9,14.2,22.5,19.4,32.9,-1.7,1.362432e-09
3,124.49,0.02,359.05,1.802e-09,121.7,14.1,25.2,19.4,30.6,-2.4,1.2812219999999999e-09
4,124.39,0.02,359.05,1.831e-09,121.6,14.0,22.0,19.5,32.2,-2.6,1.2231080000000001e-09
5,124.29,0.02,359.05,1.86e-09,121.5,14.0,20.6,19.5,36.6,-2.5,1.22016e-09
6,124.19,0.02,359.05,1.889e-09,121.4,13.9,17.4,19.6,37.0,-2.3,1.2901870000000001e-09
7,124.09,0.02,359.05,1.919e-09,121.2,13.9,17.4,19.7,30.6,-2.3,1.2722970000000001e-09
8,123.99,0.02,359.05,1.949e-09,121.1,13.8,15.6,19.7,30.1,-2.6,1.167451e-09
9,123.89,0.02,359.05,1.98e-09,121.0,13.8,13.9,19.8,29.6,-2.1,1.1642400000000001e-09
10,123.79,0.02,359.05,2.011e-09,120.9,13.7,13.9,19.9,30.1,-2.1,1.2629080000000001e-09
11,123.69,0.02,359.05,2.045e-09,120.7,13.6,12.3,19.9,29.8,-2.8,1.2679e-09
12,123.59,0.02,359.05,2.079e-09,120.6,13.5,12.9,19.9,28.5,-1.8,1.158003e-09
13,123.49,0.02,359.05,2.114e-09,120.5,13.4,10.5,19.9,31.8,-2.7,1.188068e-09
14,123.39,0.02,359.05,2.149e-09,120.3,13.3,10.3,19.9,32.4,-3.3,1.457022e-09
15,123.29,0.02,359.05,2.185e-09,120.2,13.2,9.4,20.0,27.7,-3.2,1.422435e-09
16,123.19,0.02,359.05,2.222e-09,120.1,13.0,5.6,20.0,30.4,-3.3,1.562066e-09
17,123.09,0.02,359.05,2.259e-09,120.0,12.9,5.3,20.0,28.4,-2.9,1.583559e-09
18,122.99,0.02,359.05,2.297e-09,119.8,12.8,7.0,20.0,30.8,-2.8,1.44711e-09
19,122.89,0.02,359.05,2.335e-09,119.7,12.7,11.1,20.0,29.4,-3.4,1.3893249999999999e-09
20,122.79,0.02,359.05,2.375e-09,119.6,12.6,12.3,20.0,28.9,-3.9,1.5651250000000002e-09
21,122.69,0.02,359.05,2.414e-09,119.5,12.5,13.1,20.0,28.5,-3.1,1.663246e-09
22,122.59,0.02,359.05,2.455e-09,119.3,12.4,11.7,20.0,28.7,-2.9,1.539285e-09
23,122.49,0.02,359.05,2.496e-09,119.2,12.2,10.2,20.0,32.8,-2.5,1.589952e-09
24,122.39,0.02,359.05,2.538e-09,119.1,12.1,11.0,20.1,32.9,-2.3,1.7055360000000003e-09
25,122.29,0.02,359.05,2.58e-09,118.9,12.0,13.0,20.1,32.9,-1.8,1.66152e-09
26,122.19,0.02,359.05,2.624e-09,118.8,11.9,14.9,20.1,32.6,-1.5,1.7790720000000002e-09
27,122.09,0.02,359.05,2.667e-09,118.7,11.8,17.0,20.1,34.5,-1.4,1.7575530000000001e-09
28,121.99,0.02,359.05,2.712e-09,118.6,11.7,18.3,20.1,33.9,-1.3,1.873992e-09
29,121.89,0.02,359.05,2.758e-09,118.4,11.6,20.3,20.1,28.9,-1.1,2.0354040000000003e-09
30,121.79,0.02,359.05,2.804e-09,118.3,11.4,20.0,20.1,27.5,-0.8,2.15908e-09
31,121.69,0.02,359.05,2.851e-09,118.2,11.3,21.3,20.1,31.4,-0.3,2.158207e-09
32,121.59,0.02,359.05,2.899e-09,118.1,11.2,21.1,20.2,28.1,-1.0,2.151058e-09
33,121.49,0.02,359.05,2.947e-09,117.9,11.1,23.4,20.2,30.9,-0.2,2.224985e-09
34,121.39,0.02,359.05,2.997e-09,117.8,11.0,22.1,20.2,33.1,0.0,2.322675e-09
35,121.29,0.02,359.05,3.047e-09,117.7,10.9,24.9,20.2,32.9,0.3,2.653937e-09
36,121.19,0.02,359.05,3.098e-09,117.6,10.8,24.2,20.2,33.3,0.1,2.5682419999999996e-09
37,121.09,0.02,359.05,3.15e-09,117.4,10.7,25.0,20.2,36.0,-0.8,2.4759e-09
38,120.99,0.02,359.05,3.203e-09,117.3,10.5,23.7,20.2,37.6,-0.3,2.6360689999999997e-09
39,120.89,0.02,359.05,3.257e-09,117.2,10.4,23.5,20.2,37.1,-0.9,2.6805109999999998e-09
40,120.79,0.02,359.05,3.312e-09,117.0,10.3,26.3,20.3,36.1,-0.6,2.8516320000000002e-09
41,120.69,0.02,359.05,3.367e-09,116.9,10.2,32.5,20.3,34.6,0.1,2.949492e-09
42,120.59,0.02,359.05,3.424e-09,116.8,10.1,32.2,20.3,36.9,0.5,3.074752e-09
43,120.49,0.02,359.05,3.481e-09,116.7,10.0,28.7,20.3,34.1,0.4,3.125938e-09
44,120.39,0.02,359.05,3.54e-09,116.5,9.9,27.4,20.3,31.8,-0.4,3.2461800000000005e-09
45,120.29,0.02,359.05,3.599e-09,116.4,9.7,26.0,20.3,32.9,0.0,3.303882e-09
46,120.19,0.02,359.05,3.66e-09,116.3,9.6,25.7,20.3,31.3,-0.2,3.46236e-09
47,120.09,0.02,359.05,3.721e-09,116.2,9.5,25.5,20.3,30.7,-0.8,3.5051819999999995e-09
48,119.99,0.02,359.05,3.784e-09,116.0,9.4,27.9,20.3,27.8,-0.1,3.768864e-09
49,119.89,0.02,359.05,3.847e-09,115.9,9.3,23.7,20.4,26.0,0.6,3.766213e-09
50,119.79,0.02,359.05,3.912e-09,115.8,9.2,25.8,20.4,28.1,1.2,3.536448e-09
51,119.69,0.02,359.05,3.977e-09,115.6,9.1,22.4,20.4,31.1,0.4,3.3605649999999998e-09
52,119.59,0.02,359.05,4.044e-09,115.5,8.9,21.6,20.4,29.5,0.7,3.732612e-09
53,119.49,0.02,359.05,4.112e-09,115.4,8.8,20.7,20.4,30.2,0.1,4.107888e-09
54,119.39,0.02,359.05,4.181e-09,115.3,8.7,23.8,20.4,32.5,-0.0,4.063932e-09
55,119.29,0.02,359.05,4.252e-09,115.1,8.6,21.0,20.4,30.0,0.8,3.962864e-09
56,119.19,0.02,359.05,4.323e-09,115.0,8.5,23.6,20.4,30.8,0.8,4.292739e-09
57,119.09,0.02,359.05,4.396e-09,114.9,8.4,19.3,20.5,31.5,1.1,4.24214e-09
58,118.99,0.02,359.05,4.47e-09,114.8,8.3,25.0,20.5,30.2,0.8,3.9783e-09
59,118.89,0.02,359.05,4.545e-09,114.6,8.2,24.2,20.5,28.5,0.6,3.9677850000000005e-09
60,118.79,0.02,359.05,4.622e-09,114.5,8.0,23.9,20.5,28.5,0.6,3.799283999999999e-09
61,118.69,0.02,359.05,4.699e-09,114.4,7.9,23.3,20.4,26.6,1.0,3.820286999999999e-09
62,118.59,0.02,359.05,4.777e-09,114.4,7.8,21.7,20.4,29.2,-0.0,3.730837000000001e-09
63,118.49,0.02,359.05,4.857e-09,114.3,7.6,24.3,20.3,27.6,-0.7,4.007025e-09
64,118.39,0.02,359.05,4.938e-09,114.2,7.5,21.2,20.2,28.3,0.2,4.276308e-09
65,118.29,0.02,359.05,5.02e-09,114.2,7.3,22.1,20.2,30.2,0.1,4.00596e-09
66,118.19,0.02,359.05,5.104e-09,114.1,7.2,21.3,20.1,29.7,0.2,4.241423999999999e-09
67,118.09,0.02,359.05,5.189e-09,114.0,7.1,17.3,20.0,28.3,0.8,4.446973e-09
68,117.99,0.02,359.05,5.275e-09,114.0,6.9,14.5,20.0,28.6,0.5,4.183075e-09
69,117.89,0.02,359.05,5.363e-09,113.9,6.8,12.8,19.9,30.1,-0.0,4.5102829999999996e-09
70,117.79,0.02,359.05,5.453e-09,113.8,6.6,13.4,19.8,26.1,0.1,4.68958e-09
71,117.69,0.02,359.05,5.544e-09,113.8,6.5,12.7,19.8,21.1,0.4,4.4684640000000005e-09
72,117.59,0.02,359.05,5.636e-09,113.7,6.3,13.4,19.7,22.5,1.1,4.238272e-09
73,117.49,0.02,359.05,5.73e-09,113.6,6.2,13.2,19.6,21.9,1.4,4.31469e-09
74,117.39,0.02,359.05,5.826e-09,113.6,6.1,15.8,19.6,20.3,1.1,4.544280000000001e-09
75,117.29,0.02,359.06,5.923e-09,113.5,5.9,14.1,19.5,20.9,1.7,4.566633e-09
76,117.19,0.02,359.06,6.022e-09,113.4,5.8,12.5,19.4,18.0,1.6,4.323796e-09
77,117.09,0.02,359.06,6.122e-09,113.4,5.6,12.5,19.4,16.1,1.8,4.37723e-09
78,116.99,0.02,359.06,6.225e-09,113.3,5.5,11.5,19.3,14.5,1.1,4.1085e-09
79,116.89,0.02,359.06,6.328e-09,113.2,5.4,7.6,19.3,15.7,0.4,4.227104e-09
80,116.79,0.02,359.06,6.434e-09,113.2,5.2,4.5,19.2,17.8,-0.4,3.821796e-09
81,116.69,0.02,359.06,6.542e-09,113.1,5.1,1.7,19.1,19.5,-0.9,3.853238e-09
82,116.59,0.02,359.06,6.651e-09,113.0,4.9,0.2,19.1,16.4,-0.6,4.010553e-09
83,116.49,0.02,359.06,6.762e-09,113.0,4.8,1.4,19.0,16.6,-0.5,4.0098659999999995e-09
84,116.39,0.02,359.06,6.875e-09,112.9,4.7,-0.5,18.9,20.0,-0.1,4.3037500000000006e-09
85,116.29,0.02,359.06,6.989e-09,112.8,4.5,-3.0,18.9,19.8,-0.0,4.270279e-09
86,116.19,0.02,359.06,7.106e-09,112.8,4.4,-3.1,18.8,22.0,-0.1,4.562052e-09
87,116.09,0.02,359.06,7.225e-09,112.7,4.2,-4.1,18.7,19.4,-0.1,4.472275e-09
88,115.99,0.02,359.06,7.346e-09,112.6,4.1,-4.8,18.7,21.3,-0.1,4.33414e-09
89,115.89,0.02,359.06,7.468e-09,112.6,3.9,-5.6,18.6,20.8,-0.3,4.092464e-09
90,115.79,0.02,359.06,7.593e-09,112.5,3.8,-7.1,18.5,20.5,-0.9,4.722846e-09
91,115.69,0.02,359.06,7.72e-09,112.4,3.7,-7.1,18.5,20.8,-1.3,4.191960000000001e-09
92,115.59,0.02,359.06,7.849e-09,112.4,3.5,-6.3,18.4,22.8,-1.4,4.623061e-09
93,115.49,0.02,359.06,7.98e-09,112.3,3.4,-2.3,18.3,26.0,-0.9,4.81992e-09
94,115.39,0.02,359.06,8.113e-09,112.2,3.2,-5.2,18.3,28.5,-1.5,5.086851e-09
95,115.29,0.02,359.06,8.249e-09,112.2,3.1,-9.0,18.2,26.7,-1.4,5.271111e-09
96,115.19,0.02,359.06,8.387e-09,112.1,3.0,-8.9,18.1,25.9,-1.7,5.527032999999999e-09
97,115.09,0.02,359.06,8.527e-09,112.0,2.8,-13.4,18.1,19.4,-1.9,6.054169999999999e-09
98,114.99,0.02,359.06,8.669e-09,112.0,2.7,-14.5,18.0,20.2,-2.4,6.15499e-09
99,114.89,0.02,359.06,8.814e-09,111.9,2.5,-15.5,17.9,22.7,-2.2,6.628128e-09
100,114.79,0.02,359.06,8.962e-09,111.8,2.4,-16.7,17.9,19.4,-1.9,6.981398e-09
101,114.69,0.02,359.06,9.112e-09,111.8,2.2,-15.7,17.8,19.5,-1.9,7.5174e-09
102,114.59,0.02,359.06,9.264e-09,111.7,2.1,-14.4,17.7,21.2,-1.7,7.3092959999999995e-09
103,114.49,0.02,359.06,9.419e-09,111.6,2.0,-12.1,17.7,19.7,-1.6,7.544619e-09
104,114.39,0.02,359.06,9.576e-09,111.6,1.8,-13.8,17.6,19.2,-1.5,7.890623999999999e-09
105,114.29,0.02,359.06,9.736e-09,111.5,1.7,-15.7,17.5,20.3,-1.7,7.856952e-09
106,114.19,0.02,359.06,9.899e-09,111.4,1.5,-13.5,17.5,19.9,-1.9,7.988493e-09
107,114.09,0.02,359.06,1.006e-08,111.4,1.4,-13.6,17.4,22.4,-1.9,8.088240000000001e-09
108,113.99,0.02,359.06,1.023e-08,111.3,1.3,-13.9,17.3,22.8,-1.6,9.19677e-09
109,113.89,0.02,359.06,1.04e-08,111.2,1.1,-15.7,17.3,22.1,-1.1,9.412e-09
110,113.79,0.02,359.06,1.058e-08,111.2,1.0,-18.0,17.2,22.3,-1.2,9.53258e-09
111,113.69,0.02,359.06,1.075e-08,111.2,0.9,-16.2,17.1,20.7,-1.2,1.05995e-08
112,113.59,0.02,359.06,1.093e-08,111.2,0.8,-19.8,17.0,19.9,-1.6,9.815139999999999e-09
113,113.49,0.02,359.06,1.11e-08,111.2,0.7,-21.5,16.8,19.1,-2.2,9.5349e-09
114,113.39,0.02,359.06,1.129e-08,111.2,0.6,-21.6,16.7,17.0,-2.3,9.2578e-09
115,113.29,0.02,359.06,1.147e-08,111.2,0.5,-18.3,16.6,17.7,-3.2,9.416869999999999e-09
116,113.19,0.02,359.06,1.166e-08,111.2,0.4,-16.7,16.5,19.3,-3.5,9.71278e-09
117,113.09,0.02,359.06,1.185e-08,111.2,0.3,-17.2,16.3,20.8,-3.1,1.00962e-08
118,112.99,0.02,359.06,1.204e-08,111.3,0.2,-18.8,16.2,23.4,-2.9,1.04748e-08
119,112.89,0.02,359.06,1.224e-08,111.3,0.1,-18.8,16.1,24.2,-2.9,1.1383200000000001e-08
120,112.79,0.02,359.06,1.243e-08,111.3,0.0,-18.6,16.0,25.3,-2.5,1.2019809999999998e-08
121,112.69,0.02,359.06,1.264e-08,111.3,-0.1,-17.7,15.9,28.2,-3.0,1.3031839999999997e-08
122,112.59,0.02,359.06,1.284e-08,111.3,-0.2,-19.1,15.7,31.9,-2.9,1.284e-08
123,112.49,0.02,359.06,1.305e-08,111.3,-0.3,-16.2,15.6,29.4,-2.3,1.3089149999999999e-08
124,112.39,0.02,359.06,1.327e-08,111.3,-0.4,-14.0,15.5,28.4,-1.8,1.308422e-08
125,112.29,0.02,359.06,1.348e-08,111.4,-0.5,-13.3,15.4,25.2,-1.2,1.2253320000000002e-08
126,112.19,0.02,359.06,1.37e-08,111.4,-0.6,-13.1,15.2,26.8,-2.2,1.4248000000000001e-08
127,112.09,0.02,359.06,1.392e-08,111.4,-0.6,-13.9,15.1,28.4,-1.8,1.4671680000000001e-08
128,111.99,0.02,359.06,1.415e-08,111.4,-0.7,-17.5,15.0,26.5,-1.7,1.5522549999999998e-08
129,111.89,0.02,359.06,1.438e-08,111.4,-0.8,-19.0,14.9,28.0,-1.2,1.463884e-08
130,111.79,0.02,359.06,1.462e-08,111.4,-0.9,-19.0,14.7,28.5,-1.2,1.50586e-08
131,111.69,0.02,359.06,1.485e-08,111.4,-1.0,-18.9,14.6,29.0,-1.0,1.477575e-08
132,111.59,0.02,359.06,1.51e-08,111.5,-1.1,-15.5,14.5,29.1,-1.5,1.44658e-08
133,111.49,0.02,359.06,1.534e-08,111.5,-1.2,-21.9,14.4,29.9,-1.1,1.537068e-08
134,111.39,0.02,359.06,1.559e-08,111.5,-1.3,-22.8,14.2,28.3,-1.4,1.719577e-08
135,111.29,0.02,359.06,1.585e-08,111.5,-1.4,-23.5,14.1,28.4,-1.4,1.8132399999999998e-08
136,111.19,0.02,359.06,1.61e-08,111.5,-1.5,-22.8,14.0,30.9,-1.8,1.90463e-08
137,111.09,0.02,359.06,1.637e-08,111.5,-1.6,-26.0,13.9,31.5,-1.0,1.7810560000000002e-08
138,110.99,0.02,359.06,1.663e-08,111.6,-1.7,-27.2,13.8,29.3,-1.1,1.8625600000000002e-08
139,110.89,0.02,359.06,1.691e-08,111.6,-1.8,-25.4,13.6,31.4,-0.5,1.787387e-08
140,110.79,0.02,359.06,1.718e-08,111.6,-1.9,-22.8,13.5,30.5,-0.2,1.685358e-08
141,110.69,0.02,359.06,1.746e-08,111.6,-2.0,-23.8,13.4,29.7,-0.8,1.85076e-08
142,110.59,0.02,359.06,1.775e-08,111.6,-2.1,-22.5,13.3,30.6,-1.1,1.904575e-08
143,110.49,0.02,359.06,1.803e-08,111.6,-2.2,-16.5,13.1,29.4,-1.2,2.0193600000000004e-08
144,110.39,0.02,359.06,1.833e-08,111.6,-2.3,-18.2,13.0,30.5,-1.1,2.014467e-08
145,110.29,0.02,359.06,1.863e-08,111.7,-2.4,-14.3,12.9,29.9,-1.2,1.9133009999999997e-08
146,110.19,0.02,359.06,1.893e-08,111.7,-2.5,-12.5,12.8,27.8,-1.1,1.894893e-08
147,110.09,0.02,359.06,1.924e-08,111.7,-2.5,-13.4,12.6,27.2,-0.7,1.950936e-08
148,109.99,0.02,359.06,1.955e-08,111.7,-2.6,-12.3,12.5,30.7,-0.4,1.769275e-08
149,109.89,0.02,359.06,1.987e-08,111.7,-2.7,-14.3,12.4,34.8,0.1,1.7863129999999998e-08
150,109.79,0.02,359.06,2.02e-08,111.7,-2.8,-15.4,12.3,35.0,-0.3,1.8018399999999998e-08
151,109.69,0.02,359.06,2.053e-08,111.7,-2.9,-15.6,12.2,30.6,0.1,1.870283e-08
152,109.59,0.02,359.06,2.086e-08,111.8,-3.0,-16.4,12.0,32.0,0.3,1.829422e-08
153,109.49,0.02,359.06,2.12e-08,111.8,-3.1,-16.3,11.9,35.3,0.6,1.8571200000000002e-08
154,109.39,0.02,359.06,2.155e-08,111.8,-3.2,-16.7,11.8,29.2,0.8,1.99122e-08
155,109.29,0.02,359.06,2.19e-08,111.8,-3.3,-15.2,11.7,32.9,1.0,1.89435e-08
156,109.19,0.02,359.06,2.225e-08,111.8,-3.4,-13.8,11.5,30.0,0.7,2.000275e-08
157,109.09,0.02,359.06,2.262e-08,111.8,-3.5,-11.7,11.4,30.2,0.6,2.078778e-08
158,108.99,0.02,359.06,2.299e-08,111.8,-3.6,-9.7,11.3,29.9,0.9,2.064502e-08
159,108.89,0.02,359.06,2.336e-08,111.9,-3.7,-10.9,11.2,29.4,1.5,2.233216e-08
160,108.79,0.02,359.06,2.374e-08,111.9,-3.8,-9.6,11.0,29.3,1.6,2.119982e-08
161,108.69,0.02,359.06,2.411e-08,111.9,-3.8,-11.3,10.9,31.8,1.4,2.244641e-08
162,108.59,0.02,359.06,2.448e-08,112.0,-3.8,-13.2,10.8,33.1,0.5,2.090592e-08
163,108.49,0.02,359.06,2.486e-08,112.1,-3.9,-12.0,10.7,31.7,1.0,2.29955e-08
164,108.39,0.02,359.06,2.525e-08,112.2,-3.9,-11.3,10.5,27.9,0.9,2.24725e-08
165,108.29,0.02,359.06,2.564e-08,112.2,-3.9,-8.4,10.4,26.0,0.7,2.3563160000000002e-08
166,108.19,0.02,359.07,2.603e-08,112.3,-3.9,-5.5,10.3,23.0,0.2,2.5197039999999997e-08
167,108.09,0.02,359.07,2.644e-08,112.4,-4.0,-6.8,10.1,19.8,0.1,2.580544e-08
168,107.99,0.02,359.07,2.684e-08,112.5,-4.0,-5.7,10.0,18.4,-0.1,2.514908e-08
169,107.89,0.02,359.07,2.726e-08,112.5,-4.0,-3.3,9.9,19.2,-0.1,2.417962e-08
170,107.79,0.02,359.07,2.768e-08,112.6,-4.0,-2.2,9.7,20.4,-0.6,2.50504e-08
171,107.69,0.02,359.07,2.811e-08,112.7,-4.1,-2.2,9.6,21.9,-0.4,2.518656e-08
172,107.59,0.02,359.07,2.854e-08,112.8,-4.1,-2.3,9.5,24.2,-1.0,2.534352e-08
173,107.49,0.02,359.07,2.898e-08,112.8,-4.1,-2.0,9.4,20.8,-1.0,2.49228e-08
174,107.39,0.02,359.07,2.943e-08,112.9,-4.1,-1.9,9.2,19.5,-1.0,2.4397469999999998e-08
175,107.29,0.02,359.07,2.989e-08,113.0,-4.2,-2.4,9.1,17.2,-0.8,2.6153749999999997e-08
176,107.19,0.02,359.07,3.035e-08,113.1,-4.2,-0.7,9.0,14.2,-0.9,2.6768699999999997e-08
177,107.09,0.02,359.07,3.082e-08,113.1,-4.2,0.6,8.8,11.4,-1.0,2.625864e-08
178,106.99,0.02,359.07,3.129e-08,113.2,-4.2,2.0,8.7,13.3,-1.1,2.6408759999999998e-08
179,106.89,0.02,359.07,3.178e-08,113.3,-4.3,1.6,8.6,13.5,-0.6,2.6504519999999997e-08
180,106.79,0.02,359.07,3.227e-08,113.4,-4.3,-1.6,8.4,13.9,-0.8,2.7397229999999998e-08
181,106.69,0.02,359.07,3.277e-08,113.4,-4.3,-0.7,8.3,15.6,-0.4,2.700248e-08
182,106.59,0.02,359.07,3.327e-08,113.5,-4.3,-0.6,8.2,14.5,-0.3,2.7713909999999997e-08
183,106.49,0.02,359.07,3.379e-08,113.6,-4.4,-3.6,8.1,14.3,-0.3,2.8180859999999998e-08
184,106.39,0.02,359.07,3.431e-08,113.7,-4.4,-0.8,7.9,15.2,0.0,2.902626e-08
185,106.29,0.02,359.07,3.484e-08,113.7,-4.4,3.2,7.8,14.2,0.2,3.0485e-08
186,106.19,0.02,359.07,3.538e-08,113.8,-4.4,3.0,7.7,10.7,-0.3,3.315106e-08
187,106.09,0.02,359.07,3.593e-08,113.9,-4.5,6.9,7.5,12.9,-0.1,3.1905839999999997e-08
188,105.99,0.02,359.07,3.648e-08,114.0,-4.5,8.4,7.4,12.1,0.1,3.308736e-08
189,105.89,0.02,359.07,3.705e-08,114.0,-4.5,7.9,7.3,11.7,-0.2,3.323385e-08
190,105.79,0.02,359.07,3.762e-08,114.1,-4.5,8.0,7.2,10.9,0.2,3.468564e-08
191,105.69,0.02,359.07,3.82e-08,114.2,-4.6,6.7,7.0,9.6,0.2,3.5526e-08
192,105.59,0.02,359.07,3.879e-08,114.3,-4.6,9.7,6.9,9.9,0.4,3.719961e-08
193,105.49,0.02,359.07,3.939e-08,114.3,-4.6,9.3,6.8,12.2,-0.3,3.840525e-08
194,105.39,0.02,359.07,4e-08,114.4,-4.6,10.8,6.6,9.4,-0.3,3.896e-08
195,105.29,0.02,359.07,4.062e-08,114.5,-4.7,9.3,6.5,10.2,-1.0,4.1473019999999997e-08
196,105.19,0.02,359.07,4.125e-08,114.6,-4.7,7.3,6.4,12.4,-1.5,4.030125e-08
197,105.09,0.02,359.07,4.189e-08,114.6,-4.7,4.9,6.2,13.8,-1.7,4.31467e-08
198,104.99,0.02,359.07,4.253e-08,114.7,-4.7,4.9,6.1,16.5,-1.7,4.4741559999999997e-08
199,104.89,0.02,359.07,4.319e-08,114.8,-4.8,6.7,6.0,20.3,-1.3,4.271491e-08
200,104.79,0.02,359.07,4.386e-08,114.9,-4.8,4.7,5.9,18.9,-1.8,4.315824e-08
201,104.69,0.02,359.07,4.454e-08,115.0,-4.8,3.9,5.7,20.5,-1.8,4.405006e-08
202,104.59,0.02,359.07,4.523e-08,115.0,-4.8,7.1,5.6,21.2,-2.0,4.8577020000000005e-08
203,104.49,0.02,359.07,4.593e-08,115.1,-4.9,8.3,5.5,21.5,-2.5,4.5792210000000005e-08
204,104.39,0.02,359.07,4.664e-08,115.2,-4.9,8.9,5.3,23.0,-2.7,4.664e-08
205,104.29,0.02,359.07,4.736e-08,115.3,-4.9,8.8,5.2,21.7,-3.3,4.9301759999999997e-08
206,104.19,0.02,359.07,4.809e-08,115.3,-4.9,9.4,5.1,22.9,-2.8,5.3091360000000004e-08
207,104.09,0.02,359.07,4.884e-08,115.4,-5.0,6.7,4.9,22.0,-2.1,5.27472e-08
208,103.99,0.02,359.07,4.959e-08,115.5,-5.0,3.2,4.8,24.6,-1.7,5.395392000000001e-08
209,103.89,0.02,359.07,5.036e-08,115.6,-5.0,2.0,4.7,23.2,-1.6,5.5093840000000005e-08
210,103.79,0.02,359.07,5.114e-08,115.6,-5.0,5.6,4.6,25.9,-1.4,5.59983e-08
211,103.69,0.02,359.07,5.19e-08,115.7,-5.0,7.0,4.4,24.7,-1.3,5.7816600000000006e-08
212,103.59,0.02,359.07,5.268e-08,115.8,-5.0,7.8,4.3,24.6,-1.3,5.526132e-08
213,103.49,0.02,359.07,5.346e-08,115.9,-5.0,4.0,4.2,24.8,-1.5,5.955444e-08
214,103.39,0.02,359.07,5.426e-08,116.0,-5.0,3.6,4.1,26.2,-1.3,6.136806e-08
215,103.29,0.02,359.07,5.506e-08,116.1,-5.0,3.8,4.0,27.6,-1.8,6.38696e-08
216,103.19,0.02,359.07,5.588e-08,116.2,-4.9,4.4,3.9,28.4,-0.7,6.795008e-08
217,103.09,0.02,359.07,5.672e-08,116.3,-4.9,2.9,3.8,24.9,-0.7,6.97656e-08
218,102.99,0.02,359.07,5.756e-08,116.4,-4.9,2.8,3.7,24.3,-0.1,7.31012e-08
219,102.89,0.02,359.07,5.842e-08,116.4,-4.9,2.8,3.6,25.3,0.3,7.44855e-08
220,102.79,0.02,359.07,5.929e-08,116.5,-4.9,3.0,3.5,20.8,-0.4,7.162232e-08
221,102.69,0.02,359.07,6.017e-08,116.6,-4.9,3.6,3.3,22.6,-0.2,6.97972e-08
222,102.59,0.02,359.07,6.107e-08,116.7,-4.8,7.1,3.2,24.5,-0.6,7.02305e-08
223,102.49,0.02,359.07,6.198e-08,116.8,-4.8,8.4,3.1,22.6,-0.5,7.03473e-08
224,102.39,0.02,359.07,6.29e-08,116.9,-4.8,7.4,3.0,20.7,-0.3,7.42849e-08
225,102.29,0.02,359.07,6.384e-08,117.0,-4.8,4.0,2.9,20.2,0.0,7.807632e-08
226,102.19,0.02,359.07,6.479e-08,117.1,-4.8,5.0,2.8,24.0,-0.3,8.118187e-08
227,102.09,0.02,359.07,6.575e-08,117.2,-4.8,6.2,2.7,21.6,-0.7,8.383125e-08
228,101.99,0.02,359.07,6.673e-08,117.3,-4.8,5.6,2.6,22.7,-0.4,8.227809000000001e-08
229,101.89,0.02,359.07,6.772e-08,117.3,-4.7,4.2,2.5,23.0,-0.9,8.681704e-08
230,101.79,0.02,359.07,6.873e-08,117.4,-4.7,5.0,2.4,23.9,-0.3,8.879916e-08
231,101.69,0.02,359.07,6.976e-08,117.5,-4.7,3.5,2.2,19.3,-0.4,9.473408e-08
232,101.59,0.02,359.07,7.08e-08,117.6,-4.7,6.8,2.1,17.9,-0.7,9.28188e-08
233,101.49,0.02,359.07,7.185e-08,117.7,-4.7,5.2,2.0,17.4,-1.0,9.41235e-08
234,101.39,0.02,359.07,7.292e-08,117.8,-4.7,7.1,1.9,16.9,-1.3,9.362928e-08
235,101.29,0.02,359.07,7.401e-08,117.9,-4.6,7.3,1.8,16.5,-1.5,9.576894e-08
236,101.19,0.02,359.07,7.511e-08,118.0,-4.6,6.5,1.7,14.3,-0.8,9.741767e-08
237,101.09,0.02,359.07,7.623e-08,118.1,-4.6,7.3,1.6,13.4,-1.4,1.0260558000000001e-07
238,100.99,0.02,359.07,7.737e-08,118.2,-4.6,4.4,1.5,15.0,-1.6,1.0197366e-07
239,100.89,0.02,359.07,7.852e-08,118.3,-4.6,4.8,1.4,16.8,-1.6,1.048242e-07
240,100.79,0.02,359.07,7.969e-08,118.3,-4.6,4.2,1.3,16.8,-1.8,1.0535017999999999e-07
241,100.69,0.02,359.07,8.088e-08,118.4,-4.6,6.0,1.1,18.8,-2.3,1.0692335999999999e-07
242,100.59,0.02,359.07,8.208e-08,118.5,-4.5,5.1,1.0,17.5,-2.6,1.0703232000000001e-07
243,100.49,0.02,359.07,8.331e-08,118.6,-4.5,4.3,0.9,16.4,-2.9,1.0946934e-07
244,100.39,0.02,359.07,8.455e-08,118.7,-4.5,6.1,0.8,12.4,-2.4,1.1422705e-07
245,100.29,0.02,359.07,8.581e-08,118.8,-4.5,9.1,0.7,12.4,-3.1,1.1996238e-07
246,100.19,0.02,359.07,8.709e-08,118.9,-4.5,6.4,0.6,11.2,-2.7,1.1548134e-07
247,100.09,0.02,359.07,8.839e-08,119.0,-4.5,4.8,0.5,8.5,-3.1,1.1791226000000001e-07
248,99.99,0.02,359.07,8.971e-08,119.1,-4.4,4.5,0.4,7.5,-3.4,1.2236444e-07
249,99.89,0.02,359.07,9.104e-08,119.2,-4.4,10.1,0.3,7.0,-3.9,1.2326816000000001e-07
250,99.79,0.02,359.07,9.24e-08,119.3,-4.4,9.0,0.2,7.2,-4.2,1.264032e-07
251,99.69,0.02,359.07,9.378e-08,119.3,-4.4,7.5,0.0,5.5,-4.3,1.3419918e-07
252,99.59,0.02,359.07,9.518e-08,119.4,-4.4,10.7,-0.1,9.7,-4.3,1.3610739999999998e-07
253,99.49,0.02,359.07,9.66e-08,119.5,-4.4,14.0,-0.2,8.2,-3.8,1.314726e-07
254,99.39,0.02,359.07,9.804e-08,119.6,-4.4,14.6,-0.3,10.0,-4.1,1.4088348e-07
255,99.29,0.02,359.07,9.95e-08,119.7,-4.3,15.5,-0.4,9.7,-4.1,1.413895e-07
256,99.19,0.02,359.07,1.01e-07,119.8,-4.3,15.2,-0.5,7.1,-4.1,1.43218e-07
257,99.09,0.02,359.08,1.025e-07,119.9,-4.3,16.4,-0.6,4.6,-4.1,1.4227e-07
258,98.99,0.02,359.08,1.04e-07,120.0,-4.3,14.9,-0.7,1.4,-4.0,1.44352e-07
259,98.89,0.02,359.08,1.056e-07,120.1,-4.3,16.3,-0.8,-0.4,-3.4,1.439328e-07
260,98.79,0.02,359.08,1.071e-07,120.2,-4.3,16.6,-0.9,0.3,-3.7,1.431927e-07
261,98.69,0.02,359.08,1.087e-07,120.2,-4.2,18.8,-1.0,-1.1,-4.0,1.416361e-07
262,98.59,0.02,359.08,1.103e-07,120.3,-4.2,18.6,-1.1,1.4,-3.9,1.439415e-07
263,98.49,0.02,359.08,1.118e-07,120.4,-4.2,17.9,-1.2,2.0,-3.7,1.530542e-07
264,98.39,0.02,359.08,1.135e-07,120.5,-4.1,15.6,-1.3,3.2,-3.6,1.5413300000000002e-07
265,98.29,0.02,359.08,1.151e-07,120.5,-4.1,15.2,-1.4,1.2,-3.1,1.571115e-07
266,98.19,0.02,359.08,1.167e-07,120.6,-4.1,18.9,-1.5,1.6,-2.9,1.583619e-07
267,98.09,0.02,359.08,1.184e-07,120.7,-4.0,19.0,-1.5,2.3,-2.4,1.599584e-07
268,97.99,0.02,359.08,1.201e-07,120.8,-4.0,17.4,-1.6,7.0,-2.3,1.5613e-07
269,97.89,0.02,359.08,1.219e-07,120.8,-4.0,17.7,-1.7,3.8,-2.9,1.6554020000000002e-07
270,97.79,0.02,359.08,1.236e-07,120.9,-3.9,20.0,-1.8,0.9,-3.3,1.6377e-07
271,97.69,0.02,359.08,1.254e-07,121.0,-3.9,19.5,-1.9,1.1,-3.4,1.6678200000000002e-07
272,97.59,0.02,359.08,1.272e-07,121.1,-3.9,19.9,-2.0,3.2,-3.2,1.635792e-07
273,97.49,0.02,359.08,1.29e-07,121.1,-3.8,20.9,-2.0,4.5,-2.3,1.6666800000000002e-07
274,97.39,0.02,359.08,1.309e-07,121.2,-3.8,17.8,-2.1,3.2,-2.9,1.6925369999999999e-07
275,97.29,0.02,359.08,1.328e-07,121.3,-3.8,13.0,-2.2,6.7,-3.4,1.698512e-07
276,97.19,0.02,359.08,1.347e-07,121.4,-3.7,14.8,-2.3,8.4,-3.2,1.5746430000000002e-07
277,97.09,0.02,359.08,1.366e-07,121.4,-3.7,16.1,-2.4,6.9,-3.1,1.6228079999999998e-07
278,96.99,0.02,359.08,1.386e-07,121.5,-3.7,16.3,-2.5,6.2,-3.0,1.534302e-07
279,96.89,0.02,359.08,1.406e-07,121.6,-3.6,13.9,-2.5,6.8,-2.3,1.4791120000000002e-07
280,96.79,0.02,359.08,1.426e-07,121.7,-3.6,13.3,-2.6,4.1,-3.0,1.527246e-07
281,96.69,0.02,359.08,1.447e-07,121.7,-3.6,14.4,-2.7,-1.3,-3.0,1.517903e-07
282,96.59,0.02,359.08,1.468e-07,121.8,-3.5,15.4,-2.8,-1.1,-2.8,1.583972e-07
283,96.49,0.02,359.08,1.489e-07,121.9,-3.5,14.0,-2.9,-0.9,-2.8,1.642367e-07
284,96.39,0.02,359.08,1.51e-07,122.0,-3.5,14.7,-3.0,-1.7,-2.6,1.6081499999999997e-07
285,96.29,0.02,359.08,1.532e-07,122.0,-3.4,15.6,-3.1,0.6,-2.2,1.657624e-07
286,96.19,0.02,359.08,1.554e-07,122.1,-3.4,15.6,-3.1,1.5,-2.5,1.589742e-07
287,96.09,0.02,359.08,1.576e-07,122.2,-3.4,13.4,-3.2,-0.7,-1.7,1.56024e-07
288,95.99,0.02,359.08,1.599e-07,122.3,-3.3,13.4,-3.3,-0.5,-1.8,1.715727e-07
289,95.89,0.02,359.08,1.622e-07,122.3,-3.3,14.0,-3.4,-1.0,-2.0,1.8653e-07
290,95.79,0.02,359.08,1.645e-07,122.4,-3.3,11.9,-3.5,-1.2,-1.5,1.880235e-07
291,95.69,0.02,359.08,1.669e-07,122.5,-3.2,12.3,-3.6,-2.4,-1.5,1.9827719999999998e-07
292,95.59,0.02,359.08,1.693e-07,122.6,-3.2,14.8,-3.6,-2.2,-0.9,2.1297939999999999e-07
293,95.49,0.02,359.08,1.718e-07,122.6,-3.1,14.3,-3.7,-2.6,-0.9,2.178424e-07
294,95.39,0.02,359.08,1.742e-07,122.7,-3.1,14.0,-3.8,-2.1,-1.0,2.182726e-07
295,95.29,0.02,359.08,1.767e-07,122.8,-3.1,14.6,-3.9,-5.3,-1.3,2.026749e-07
296,95.19,0.02,359.08,1.793e-07,122.9,-3.0,14.8,-4.0,-4.8,-1.2,2.162358e-07
297,95.09,0.02,359.08,1.819e-07,122.9,-3.0,17.4,-4.1,-5.3,-1.2,2.046375e-07
298,94.99,0.02,359.08,1.845e-07,123.0,-3.0,16.5,-4.2,-8.9,-0.8,2.153115e-07
299,94.89,0.02,359.08,1.871e-07,123.1,-2.9,16.4,-4.2,-9.2,-0.7,2.2582970000000003e-07
300,94.79,0.02,359.08,1.898e-07,123.2,-2.9,18.9,-4.3,-7.8,0.0,2.292784e-07
301,94.69,0.02,359.08,1.926e-07,123.2,-2.9,21.4,-4.4,-7.6,-0.8,2.386314e-07
302,94.59,0.02,359.08,1.954e-07,123.3,-2.8,22.5,-4.5,-11.2,-0.9,2.399512e-07
303,94.49,0.02,359.08,1.982e-07,123.4,-2.8,25.2,-4.6,-11.6,-0.8,2.550834e-07
304,94.39,0.02,359.08,2.01e-07,123.5,-2.8,22.9,-4.7,-14.2,-0.3,2.50446e-07
305,94.29,0.02,359.08,2.039e-07,123.5,-2.7,24.4,-4.7,-15.7,-0.3,2.597686e-07
306,94.19,0.02,359.08,2.069e-07,123.6,-2.7,21.5,-4.8,-13.0,0.1,2.650389e-07
307,94.09,0.02,359.08,2.098e-07,123.7,-2.7,24.5,-4.9,-17.2,-0.1,2.670754e-07
308,93.99,0.02,359.08,2.129e-07,123.8,-2.6,22.8,-5.0,-17.4,-0.3,2.584606e-07
309,93.89,0.02,359.08,2.159e-07,123.8,-2.6,23.5,-5.1,-15.4,-0.4,2.642616e-07
310,93.79,0.02,359.08,2.19e-07,123.9,-2.6,22.0,-5.2,-15.3,-0.1,2.69808e-07
311,93.69,0.02,359.08,2.226e-07,124.0,-2.5,22.6,-5.2,-13.7,0.0,2.867088e-07
312,93.59,0.02,359.08,2.264e-07,124.0,-2.5,22.4,-5.2,-13.1,-0.5,2.8684879999999994e-07
313,93.49,0.02,359.08,2.302e-07,124.1,-2.5,18.6,-5.3,-12.1,-0.2,2.83146e-07
314,93.39,0.02,359.08,2.341e-07,124.2,-2.5,18.9,-5.3,-15.4,-0.5,2.7132190000000003e-07
315,93.29,0.02,359.08,2.38e-07,124.2,-2.4,19.9,-5.4,-18.3,0.2,2.69178e-07
316,93.19,0.02,359.08,2.42e-07,124.3,-2.4,19.5,-5.4,-19.5,0.2,2.71766e-07
317,93.09,0.02,359.08,2.461e-07,124.3,-2.4,20.2,-5.4,-19.0,-0.5,2.6775680000000005e-07
318,92.99,0.02,359.08,2.502e-07,124.4,-2.3,20.7,-5.5,-17.8,-0.6,2.7972360000000006e-07
319,92.89,0.02,359.08,2.544e-07,124.5,-2.3,19.9,-5.5,-17.7,-1.3,2.81112e-07
320,92.79,0.02,359.08,2.587e-07,124.5,-2.3,16.2,-5.6,-14.4,-1.5,2.718937e-07
321,92.69,0.02,359.08,2.631e-07,124.6,-2.2,19.4,-5.6,-17.5,-1.3,2.696775e-07
322,92.59,0.02,359.08,2.675e-07,124.6,-2.2,19.4,-5.6,-18.8,-0.9,2.6883749999999995e-07
323,92.49,0.02,359.08,2.72e-07,124.7,-2.2,16.7,-5.7,-21.1,-0.4,2.7934399999999996e-07
324,92.39,0.02,359.08,2.766e-07,124.8,-2.1,17.4,-5.7,-21.2,-0.1,2.7798299999999993e-07
325,92.29,0.02,359.08,2.812e-07,124.8,-2.1,16.6,-5.7,-21.0,-0.5,2.98072e-07
326,92.19,0.02,359.08,2.859e-07,124.9,-2.1,14.5,-5.8,-19.5,-0.9,2.9190389999999997e-07
327,92.09,0.02,359.08,2.908e-07,124.9,-2.1,10.8,-5.8,-20.2,-0.8,2.797496e-07
328,91.99,0.02,359.08,2.957e-07,125.0,-2.0,11.8,-5.9,-21.2,-1.0,2.8387199999999996e-07
329,91.89,0.02,359.08,3.006e-07,125.1,-2.0,13.5,-5.9,-24.2,-0.8,2.888766e-07
330,91.79,0.02,359.08,3.057e-07,125.1,-2.0,15.3,-5.9,-20.7,-0.2,2.919435e-07
331,91.69,0.02,359.08,3.108e-07,125.2,-1.9,18.3,-6.0,-20.6,-0.2,2.93706e-07
332,91.59,0.02,359.08,3.161e-07,125.3,-1.9,19.6,-6.0,-22.9,-0.6,2.810129e-07
333,91.49,0.02,359.08,3.214e-07,125.3,-1.9,19.7,-6.1,-19.4,-0.5,2.94081e-07
334,91.39,0.02,359.08,3.268e-07,125.4,-1.8,17.4,-6.1,-18.5,-0.1,2.947736e-07
335,91.29,0.02,359.08,3.323e-07,125.4,-1.8,17.0,-6.1,-16.8,-0.3,2.9907e-07
336,91.19,0.02,359.08,3.379e-07,125.5,-1.8,17.8,-6.2,-19.8,0.1,3.213429e-07
337,91.09,0.02,359.08,3.436e-07,125.6,-1.8,19.7,-6.2,-21.5,0.2,3.3638439999999997e-07
338,90.99,0.02,359.08,3.493e-07,125.6,-1.7,18.4,-6.2,-20.0,0.6,3.5453949999999993e-07
339,90.89,0.02,359.08,3.552e-07,125.7,-1.7,19.5,-6.3,-17.4,-0.0,3.761568e-07
340,90.79,0.02,359.08,3.612e-07,125.7,-1.7,19.5,-6.3,-17.0,-0.6,3.8612279999999996e-07
341,90.69,0.02,359.08,3.673e-07,125.8,-1.6,22.4,-6.4,-14.6,-1.2,4.021935e-07
342,90.59,0.02,359.08,3.734e-07,125.9,-1.6,19.5,-6.4,-15.5,-1.3,3.9841779999999995e-07
343,90.49,0.02,359.08,3.797e-07,125.9,-1.6,20.9,-6.4,-14.4,-1.0,4.2526400000000004e-07
344,90.39,0.02,359.08,3.861e-07,126.0,-1.5,20.8,-6.5,-13.1,-0.9,4.235517e-07
345,90.29,0.02,359.08,3.926e-07,126.0,-1.5,16.9,-6.5,-12.9,-1.2,4.393194e-07
346,90.19,0.02,359.08,3.992e-07,126.1,-1.5,17.9,-6.6,-11.3,-1.5,4.3233359999999994e-07
347,90.09,0.02,359.08,4.059e-07,126.2,-1.5,17.9,-6.6,-11.5,-1.9,4.5460800000000007e-07
348,89.99,0.02,359.09,4.128e-07,126.2,-1.4,15.6,-6.6,-12.6,-1.7,4.4995200000000003e-07
349,89.89,0.02,359.09,4.197e-07,126.3,-1.4,15.1,-6.7,-13.0,-1.0,4.4362289999999993e-07
350,89.79,0.02,359.09,4.268e-07,126.4,-1.4,13.3,-6.7,-11.8,-1.2,4.541152e-07
351,89.69,0.02,359.09,4.34e-07,126.4,-1.3,15.6,-6.7,-12.6,-1.3,4.4571799999999994e-07
352,89.59,0.02,359.09,4.413e-07,126.5,-1.3,15.8,-6.8,-11.5,-1.7,4.315914e-07
353,89.49,0.02,359.09,4.487e-07,126.5,-1.3,15.3,-6.8,-10.9,-1.8,4.12804e-07
354,89.39,0.02,359.09,4.562e-07,126.6,-1.2,13.5,-6.9,-9.7,-1.7,4.1696680000000005e-07
355,89.29,0.02,359.09,4.639e-07,126.7,-1.2,11.6,-6.9,-6.8,-1.4,4.397772e-07
356,89.19,0.02,359.09,4.717e-07,126.7,-1.2,13.1,-6.9,-7.8,-1.5,4.283036e-07
357,89.09,0.02,359.09,4.797e-07,126.8,-1.1,13.8,-7.0,-8.6,-1.7,4.1206230000000003e-07
358,88.99,0.02,359.09,4.877e-07,126.8,-1.1,11.0,-7.0,-8.1,-1.9,4.082049e-07
359,88.89,0.02,359.09,4.96e-07,126.9,-1.1,8.6,-7.1,-10.2,-2.2,3.9977600000000005e-07
360,88.79,0.02,359.09,5.043e-07,127.0,-1.1,7.2,-7.1,-7.3,-2.3,4.2159479999999995e-07
361,88.69,0.02,359.09,5.163e-07,127.0,-1.0,7.5,-7.1,-7.7,-2.5,4.558929e-07
362,88.59,0.02,359.09,5.293e-07,127.1,-1.0,6.7,-7.1,-6.1,-2.2,4.964834e-07
363,88.49,0.02,359.09,5.427e-07,127.2,-1.0,5.1,-7.1,-7.8,-2.4,5.009121e-07
364,88.39,0.02,359.09,5.563e-07,127.3,-1.0,5.7,-7.1,-5.7,-1.6,5.067893e-07
365,88.29,0.02,359.09,5.703e-07,127.4,-1.0,5.7,-7.1,-6.9,-1.5,5.081372999999999e-07
366,88.19,0.02,359.09,5.847e-07,127.5,-1.0,5.5,-7.0,-6.1,-1.5,5.151207e-07
367,88.09,0.02,359.09,5.994e-07,127.6,-1.0,4.0,-7.0,-4.5,-1.8,5.292702000000001e-07
368,87.99,0.02,359.09,6.145e-07,127.7,-1.0,7.2,-7.0,-2.4,-1.7,5.253975e-07
369,87.89,0.02,359.09,6.299e-07,127.8,-1.0,4.0,-7.0,-2.3,-1.4,5.341552e-07
370,87.79,0.02,359.09,6.458e-07,127.8,-1.0,1.8,-7.0,-2.6,-1.8,5.314934e-07
371,87.69,0.02,359.09,6.62e-07,127.9,-1.0,3.1,-7.0,-1.0,-1.4,5.58728e-07
372,87.59,0.02,359.09,6.787e-07,128.0,-1.0,3.5,-7.0,1.6,-1.2,6.006495e-07
373,87.49,0.02,359.09,6.958e-07,128.1,-1.0,5.0,-7.0,2.8,-1.3,6.19262e-07
374,87.39,0.02,359.09,7.133e-07,128.2,-1.0,4.0,-7.0,1.2,-0.7,6.248508e-07
375,87.29,0.02,359.09,7.313e-07,128.3,-1.0,4.7,-7.0,1.1,-0.8,6.457379e-07
376,87.19,0.02,359.09,7.497e-07,128.4,-1.0,6.2,-7.0,2.4,-1.2,6.327467999999999e-07
377,87.09,0.02,359.09,7.685e-07,128.5,-1.0,6.0,-7.0,3.3,-1.1,6.647525e-07
378,86.99,0.02,359.09,7.879e-07,128.6,-1.0,4.5,-6.9,3.3,-0.8,6.61836e-07
379,86.89,0.02,359.09,8.077e-07,128.6,-1.0,3.9,-6.9,2.1,-0.9,6.518139000000001e-07
380,86.79,0.02,359.09,8.28e-07,128.7,-1.0,2.5,-6.9,1.7,-0.7,6.748199999999999e-07
381,86.69,0.02,359.09,8.489e-07,128.8,-1.0,2.3,-6.9,0.1,-0.8,6.816667000000001e-07
382,86.59,0.02,359.09,8.703e-07,128.9,-1.0,3.0,-6.9,1.7,-1.0,7.397549999999999e-07
383,86.49,0.02,359.09,8.922e-07,129.0,-1.0,2.6,-6.9,3.0,-1.1,7.922736e-07
384,86.39,0.02,359.09,9.146e-07,129.1,-1.0,2.0,-6.9,4.1,-1.1,8.377736e-07
385,86.29,0.02,359.09,9.377e-07,129.2,-1.0,2.4,-6.9,3.1,-0.9,8.598709e-07
386,86.19,0.02,359.09,9.613e-07,129.3,-1.0,5.0,-6.9,2.9,-0.8,8.795895e-07
387,86.09,0.02,359.09,9.855e-07,129.4,-1.0,3.7,-6.9,0.7,-0.1,8.899064999999999e-07
388,85.99,0.02,359.09,1.01e-06,129.4,-1.0,3.3,-6.9,2.6,0.1,9.403100000000001e-07
389,85.89,0.02,359.09,1.036e-06,129.5,-1.0,3.5,-6.9,1.5,-0.5,9.821279999999998e-07
390,85.79,0.02,359.09,1.062e-06,129.6,-1.0,1.2,-6.9,-2.9,-0.8,1.038636e-06
391,85.69,0.02,359.09,1.089e-06,129.7,-1.0,-3.1,-6.8,-2.9,-0.8,1.026927e-06
392,85.59,0.02,359.09,1.116e-06,129.8,-1.0,-1.5,-6.8,-2.0,-0.7,1.022256e-06
393,85.49,0.02,359.09,1.144e-06,129.9,-1.0,2.1,-6.8,-4.7,-1.2,1.03532e-06
394,85.39,0.02,359.09,1.173e-06,130.0,-1.0,4.1,-6.8,-3.9,-0.7,1.070949e-06
395,85.29,0.02,359.09,1.202e-06,130.1,-1.0,3.1,-6.8,-3.3,-0.9,1.103436e-06
396,85.19,0.02,359.09,1.233e-06,130.2,-1.0,1.8,-6.8,-3.3,-0.5,1.157787e-06
397,85.09,0.02,359.09,1.264e-06,130.2,-1.0,2.9,-6.8,-2.2,-0.5,1.1426560000000001e-06
398,84.99,0.02,359.09,1.296e-06,130.3,-1.0,2.0,-6.8,-3.4,0.4,1.210464e-06
399,84.89,0.02,359.09,1.328e-06,130.4,-1.0,3.5,-6.8,-1.4,0.4,1.2390240000000002e-06
400,84.79,0.02,359.09,1.362e-06,130.5,-1.0,2.7,-6.8,-3.5,0.4,1.26666e-06
401,84.69,0.02,359.09,1.396e-06,130.6,-1.0,1.2,-6.8,-5.1,0.1,1.365288e-06
402,84.59,0.02,359.09,1.431e-06,130.7,-1.0,2.8,-6.8,-4.5,-0.1,1.429569e-06
403,84.49,0.02,359.09,1.467e-06,130.8,-1.0,3.4,-6.7,-6.0,-0.0,1.4112540000000002e-06
404,84.39,0.02,359.09,1.504e-06,130.9,-1.0,5.1,-6.7,-7.1,-0.2,1.4257919999999997e-06
405,84.29,0.02,359.09,1.542e-06,130.9,-1.0,4.0,-6.7,-7.6,-0.2,1.409388e-06
406,84.19,0.02,359.09,1.581e-06,131.0,-1.0,4.5,-6.7,-8.0,0.0,1.467168e-06
407,84.09,0.02,359.09,1.621e-06,131.1,-1.0,3.6,-6.7,-7.6,-0.1,1.481594e-06
408,83.99,0.02,359.09,1.661e-06,131.2,-1.0,2.1,-6.7,-5.0,-0.3,1.5181540000000001e-06
409,83.89,0.02,359.09,1.703e-06,131.3,-0.9,4.1,-6.7,-3.5,-0.2,1.5361060000000002e-06
410,83.79,0.02,359.09,1.746e-06,131.4,-0.9,4.8,-6.7,-3.3,-0.0,1.6360020000000001e-06
411,83.69,0.02,359.09,1.769e-06,131.3,-0.6,4.7,-6.4,-2.5,0.2,1.629249e-06
412,83.59,0.02,359.09,1.788e-06,131.1,-0.3,0.0,-6.1,-5.5,0.2,1.5805920000000002e-06
413,83.49,0.02,359.09,1.807e-06,131.0,0.1,-1.3,-5.7,-3.8,0.6,1.521494e-06
414,83.39,0.02,359.09,1.826e-06,130.8,0.5,-1.4,-5.4,-3.5,0.4,1.5521e-06
415,83.29,0.02,359.09,1.846e-06,130.7,0.9,-4.5,-5.1,0.6,0.3,1.567254e-06
416,83.19,0.02,359.09,1.866e-06,130.5,1.3,-6.3,-4.8,1.6,0.8,1.503996e-06
417,83.09,0.02,359.09,1.886e-06,130.4,1.6,-6.5,-4.4,0.2,0.4,1.510686e-06
418,82.99,0.02,359.09,1.906e-06,130.2,2.0,-6.5,-4.1,-0.6,0.8,1.58198e-06
419,82.89,0.02,359.09,1.926e-06,130.1,2.4,-6.0,-3.8,-0.7,0.5,1.5793199999999998e-06
420,82.79,0.02,359.09,1.947e-06,129.9,2.8,-7.2,-3.4,-1.9,0.6,1.5537060000000002e-06
421,82.69,0.02,359.09,1.968e-06,129.8,3.1,-3.8,-3.1,-0.7,0.5,1.660992e-06
422,82.59,0.02,359.09,1.989e-06,129.6,3.5,-3.6,-2.8,1.4,0.6,1.642914e-06
423,82.49,0.02,359.09,2.011e-06,129.5,3.9,-2.1,-2.5,-0.8,0.6,1.6671189999999998e-06
424,82.39,0.02,359.09,2.032e-06,129.3,4.3,-3.2,-2.1,3.2,1.4,1.690624e-06
425,82.29,0.02,359.09,2.054e-06,129.2,4.6,-1.7,-1.8,4.7,1.4,1.6041740000000002e-06
426,82.19,0.02,359.09,2.076e-06,129.0,5.0,-1.1,-1.5,6.3,1.6,1.710624e-06
427,82.09,0.02,359.09,2.098e-06,128.9,5.4,-1.8,-1.1,3.6,1.6,1.81477e-06
428,81.99,0.02,359.09,2.121e-06,128.8,5.8,0.2,-0.8,5.1,1.6,1.798608e-06
429,81.89,0.02,359.09,2.144e-06,128.6,6.2,0.9,-0.5,6.6,2.2,1.873856e-06
430,81.79,0.02,359.09,2.167e-06,128.5,6.5,-0.2,-0.1,7.6,2.4,2.000141e-06
431,81.69,0.02,359.09,2.19e-06,128.3,6.9,0.6,0.2,8.4,2.3,1.97538e-06
432,81.59,0.02,359.09,2.214e-06,128.2,7.3,2.5,0.5,11.4,1.7,1.950534e-06
433,81.49,0.02,359.09,2.238e-06,128.0,7.7,5.0,0.8,11.5,1.9,1.900062e-06
434,81.39,0.02,359.09,2.262e-06,127.9,8.0,3.9,1.2,12.2,1.7,1.929486e-06
435,81.29,0.02,359.09,2.286e-06,127.7,8.4,5.4,1.5,13.8,1.3,1.9430999999999997e-06
436,81.19,0.02,359.09,2.311e-06,127.6,8.8,2.9,1.8,12.4,1.1,1.962039e-06
437,81.09,0.02,359.09,2.336e-06,127.4,9.2,1.8,2.2,14.1,0.9,1.983264e-06
438,80.99,0.02,359.09,2.361e-06,127.3,9.5,3.1,2.5,13.0,1.0,1.997406e-06
439,80.89,0.02,359.1,2.386e-06,127.1,9.9,3.7,2.8,15.3,1.6,2.00424e-06
440,80.79,0.02,359.1,2.412e-06,127.0,10.3,5.1,3.1,14.8,1.8,2.052612e-06
441,80.69,0.02,359.1,2.438e-06,126.8,10.7,8.9,3.5,16.8,1.9,2.1088700000000003e-06
442,80.59,0.02,359.1,2.464e-06,126.7,11.0,7.2,3.8,18.8,2.4,2.084544e-06
443,80.49,0.02,359.1,2.491e-06,126.5,11.4,7.4,4.1,15.8,2.4,2.0849669999999997e-06
444,80.39,0.02,359.1,2.518e-06,126.4,11.8,7.2,4.5,13.3,2.9,2.084904e-06
445,80.29,0.02,359.1,2.545e-06,126.2,12.2,8.3,4.8,14.5,2.4,2.01564e-06
446,80.19,0.02,359.1,2.572e-06,126.1,12.6,7.3,5.1,12.6,1.7,2.098752e-06
447,80.09,0.02,359.1,2.6e-06,125.9,12.9,9.1,5.5,11.4,1.8,2.1268e-06
448,79.99,0.02,359.1,2.628e-06,125.8,13.3,9.7,5.8,10.7,1.9,2.175984e-06
449,79.89,0.02,359.1,2.656e-06,125.6,13.7,10.4,6.1,11.6,1.6,2.1912e-06
450,79.79,0.02,359.1,2.685e-06,125.5,14.1,10.3,6.4,10.0,1.6,2.3386350000000003e-06
451,79.69,0.02,359.1,2.714e-06,125.3,14.4,9.3,6.8,10.0,2.2,2.3069000000000003e-06
452,79.59,0.02,359.1,2.743e-06,125.2,14.8,5.9,7.1,9.9,2.3,2.287662e-06
453,79.49,0.02,359.1,2.773e-06,125.0,15.2,6.2,7.4,7.8,2.8,2.2960439999999996e-06
454,79.39,0.02,359.1,2.803e-06,124.9,15.6,7.4,7.8,11.1,2.3,2.323687e-06
455,79.29,0.02,359.1,2.833e-06,124.7,15.9,6.4,8.1,10.9,2.8,2.453378e-06
456,79.19,0.02,359.1,2.864e-06,124.6,16.3,7.2,8.4,12.1,3.2,2.6348800000000003e-06
457,79.09,0.02,359.1,2.895e-06,124.4,16.7,8.2,8.7,13.2,3.4,2.608395e-06
458,78.99,0.02,359.1,2.926e-06,124.3,17.1,6.7,9.1,13.6,3.1,2.656808e-06
459,78.89,0.02,359.1,2.958e-06,124.1,17.4,7.7,9.4,14.6,2.9,2.8041839999999997e-06
460,78.79,0.02,359.1,2.99e-06,124.0,17.8,10.1,9.7,12.5,2.6,2.83153e-06
461,78.69,0.02,359.1,3.022e-06,123.8,18.2,9.5,10.1,14.5,2.5,2.7953500000000003e-06
462,78.59,0.02,359.1,3.055e-06,123.7,18.6,10.5,10.4,11.6,2.5,2.8991949999999998e-06
463,78.49,0.02,359.1,3.088e-06,123.5,19.0,11.7,10.7,11.7,2.9,2.9459519999999998e-06
464,78.39,0.02,359.1,3.121e-06,123.4,19.3,12.9,11.1,11.0,3.0,2.971192e-06
465,78.29,0.02,359.1,3.155e-06,123.2,19.7,12.3,11.4,9.8,2.7,2.968855e-06
466,78.19,0.02,359.1,3.189e-06,123.1,20.1,11.6,11.7,12.1,2.8,3.0933299999999997e-06
467,78.09,0.02,359.1,3.224e-06,123.0,20.5,12.6,12.0,11.3,2.4,3.03056e-06
468,77.99,0.02,359.1,3.258e-06,122.8,20.8,12.3,12.4,10.4,2.8,3.1504859999999998e-06
469,77.89,0.02,359.1,3.294e-06,122.7,21.2,11.5,12.7,9.1,3.3,3.182004e-06
470,77.79,0.02,359.1,3.329e-06,122.5,21.6,12.8,13.0,8.6,2.9,3.259091e-06
471,77.69,0.02,359.1,3.365e-06,122.4,22.0,10.9,13.4,4.7,3.0,3.4558549999999996e-06
472,77.59,0.02,359.1,3.402e-06,122.2,22.3,9.1,13.7,5.0,3.2,3.313548e-06
473,77.49,0.02,359.1,3.439e-06,122.1,22.7,10.5,14.0,5.4,3.1,3.353025e-06
474,77.39,0.02,359.1,3.476e-06,121.9,23.1,8.1,14.3,3.7,2.3,3.3369599999999997e-06
475,77.29,0.02,359.1,3.514e-06,121.8,23.5,6.0,14.7,2.8,1.8,3.2539640000000004e-06
476,77.19,0.02,359.1,3.552e-06,121.6,23.8,4.6,15.0,3.3,1.9,3.345984e-06
477,77.09,0.02,359.1,3.59e-06,121.5,24.2,6.0,15.3,1.6,1.6,3.29562e-06
478,76.99,0.02,359.1,3.629e-06,121.3,24.6,4.8,15.7,3.4,2.1,3.306019e-06
479,76.89,0.02,359.1,3.669e-06,121.2,25.0,6.5,16.0,5.7,2.4,3.360804e-06
480,76.79,0.02,359.1,3.708e-06,121.0,25.4,6.1,16.3,4.9,2.5,3.463272e-06
481,76.69,0.02,359.1,3.749e-06,120.9,25.7,8.5,16.7,4.7,1.8,3.621534e-06
482,76.59,0.02,359.1,3.789e-06,120.7,26.1,11.5,17.0,2.2,1.7,3.5919719999999997e-06
483,76.49,0.02,359.1,3.83e-06,120.6,26.5,9.9,17.3,1.9,1.7,3.58488e-06
484,76.39,0.02,359.1,3.872e-06,120.4,26.9,12.3,17.6,4.2,1.2,3.6280640000000007e-06
485,76.29,0.02,359.1,3.914e-06,120.3,27.2,12.6,18.0,4.1,1.3,3.495202e-06
486,76.19,0.02,359.1,3.957e-06,120.1,27.6,11.6,18.3,4.5,1.8,3.5850420000000003e-06
487,76.09,0.02,359.1,4e-06,120.0,28.0,13.8,18.6,5.8,1.8,3.552e-06
488,75.99,0.02,359.1,4.043e-06,119.8,28.4,14.9,19.0,7.4,2.0,3.541668e-06
489,75.89,0.02,359.1,4.087e-06,119.7,28.7,15.0,19.3,10.0,1.9,3.453515e-06
490,75.79,0.02,359.1,4.131e-06,119.5,29.1,13.1,19.6,9.9,2.5,3.5030879999999996e-06
491,75.69,0.02,359.1,4.176e-06,119.4,29.5,12.4,19.9,7.3,2.4,3.5955360000000003e-06
492,75.59,0.02,359.1,4.222e-06,119.2,29.9,12.1,20.3,5.3,2.6,3.6013660000000003e-06
493,75.49,0.02,359.1,4.268e-06,119.1,30.3,13.1,20.6,6.2,2.7,3.6064599999999994e-06
494,75.39,0.02,359.1,4.314e-06,118.9,30.6,13.5,20.9,6.4,2.3,3.809262e-06
495,75.29,0.02,359.1,4.361e-06,118.8,31.0,13.6,21.3,7.2,2.5,3.702489e-06
496,75.19,0.02,359.1,4.408e-06,118.6,31.4,11.4,21.6,6.8,2.7,3.7423919999999997e-06
497,75.09,0.02,359.1,4.456e-06,118.5,31.8,9.6,21.9,6.7,2.9,3.751952e-06
498,74.99,0.02,359.1,4.989e-06,118.4,32.0,8.6,22.2,10.1,2.8,4.185771e-06
499,74.89,0.02,359.1,5.073e-06,118.4,31.4,6.4,21.8,8.8,2.8,4.398291e-06
500,74.79,0.02,359.1,5.158e-06,118.5,30.8,5.9,21.4,7.3,2.5,4.4100900000000005e-06
501,74.69,0.02,359.1,5.244e-06,118.6,30.1,5.3,21.0,9.0,2.6,4.441668e-06
502,74.59,0.02,359.1,5.332e-06,118.6,29.5,3.7,20.6,8.1,2.2,4.654836e-06
503,74.49,0.02,359.1,5.421e-06,118.7,28.9,3.5,20.2,9.6,1.9,4.808427e-06
504,74.39,0.02,359.1,5.511e-06,118.8,28.3,3.6,19.8,11.8,2.0,4.981944e-06
505,74.29,0.02,359.1,5.604e-06,118.9,27.7,3.9,19.4,11.6,2.0,5.01558e-06
506,74.19,0.02,359.1,5.697e-06,118.9,27.1,2.5,19.0,11.5,2.0,5.0418449999999995e-06
507,74.09,0.02,359.1,5.793e-06,119.0,26.4,0.3,18.6,9.7,2.3,5.219493000000001e-06
508,73.99,0.02,359.1,5.889e-06,119.1,25.8,0.2,18.2,9.4,2.2,5.317767e-06
509,73.89,0.02,359.1,5.988e-06,119.1,25.2,-1.2,17.8,10.8,2.7,5.383212e-06
510,73.79,0.02,359.1,6.088e-06,119.2,24.6,0.1,17.4,9.0,2.7,5.467024e-06
511,73.69,0.02,359.1,6.19e-06,119.3,24.0,-0.4,17.1,9.1,2.9,5.713370000000001e-06
512,73.59,0.02,359.1,6.293e-06,119.3,23.3,-1.6,16.7,6.4,3.0,5.940591999999999e-06
513,73.49,0.02,359.1,6.399e-06,119.4,22.7,-1.1,16.3,6.0,2.9,5.88708e-06
514,73.39,0.02,359.1,6.506e-06,119.5,22.1,0.4,15.9,8.1,3.1,6.024556e-06
515,73.29,0.02,359.1,6.615e-06,119.5,21.5,0.0,15.5,7.9,3.0,6.099030000000001e-06
516,73.19,0.02,359.1,6.725e-06,119.6,20.9,-1.5,15.1,9.6,3.1,6.301325e-06
517,73.09,0.02,359.1,6.838e-06,119.7,20.3,0.6,14.7,9.7,3.6,6.4345579999999995e-06
518,72.99,0.02,359.1,6.952e-06,119.8,19.6,2.4,14.3,9.5,3.3,6.743439999999999e-06
519,72.89,0.02,359.1,7.068e-06,119.8,19.0,2.1,13.9,13.4,3.0,7.124544e-06
520,72.79,0.02,359.1,7.187e-06,119.9,18.4,2.0,13.5,14.5,2.4,7.445732000000001e-06
521,72.69,0.02,359.1,7.307e-06,120.0,17.8,2.3,13.1,15.7,2.7,7.898867e-06
522,72.59,0.02,359.1,7.429e-06,120.0,17.2,1.0,12.7,15.5,2.7,7.956459e-06
523,72.49,0.02,359.1,7.553e-06,120.1,16.5,-0.7,12.3,15.4,3.1,8.081710000000002e-06
524,72.39,0.02,359.1,7.68e-06,120.2,15.9,-3.0,12.0,13.4,2.5,7.749119999999998e-06
525,72.29,0.02,359.1,7.808e-06,120.2,15.3,-0.7,11.6,15.6,2.4,7.761152e-06
526,72.19,0.02,359.1,7.939e-06,120.3,14.7,-0.2,11.2,15.9,2.2,7.883427e-06
527,72.09,0.02,359.1,8.072e-06,120.4,14.1,-0.2,10.8,15.8,2.2,8.072e-06
528,71.99,0.02,359.1,8.207e-06,120.4,13.5,-1.5,10.4,15.3,1.8,8.264448999999999e-06
529,71.89,0.02,359.1,8.344e-06,120.5,12.8,-0.2,10.0,14.2,1.5,8.185464e-06
530,71.79,0.02,359.11,8.484e-06,120.6,12.2,-1.1,9.6,14.7,1.0,8.22948e-06
531,71.69,0.02,359.11,8.626e-06,120.7,11.6,-0.8,9.2,12.7,1.1,8.522488e-06
532,71.59,0.02,359.11,8.77e-06,120.7,11.0,-3.2,8.8,12.3,1.0,9.02433e-06
533,71.49,0.02,359.11,8.917e-06,120.8,10.4,-5.1,8.4,11.8,1.2,9.264762999999999e-06
534,71.39,0.02,359.11,9.066e-06,120.9,9.7,-4.3,8.0,13.3,0.8,9.011604e-06
535,71.29,0.02,359.11,9.218e-06,120.9,9.1,-6.3,7.6,14.2,0.9,9.282525999999999e-06
536,71.19,0.02,359.11,9.372e-06,121.0,8.5,-6.3,7.2,11.1,0.6,9.456348e-06
537,71.09,0.02,359.11,9.529e-06,121.1,7.9,-7.1,6.8,12.5,0.7,9.891102e-06
538,70.99,0.02,359.11,9.688e-06,121.1,7.3,-7.3,6.5,13.0,0.8,9.852695999999999e-06
539,70.89,0.02,359.11,9.85e-06,121.2,6.7,-9.3,6.1,12.0,0.7,9.62345e-06
540,70.79,0.02,359.11,1.002e-05,121.3,6.0,-9.9,5.7,10.2,0.8,1.0110179999999999e-05
541,70.69,0.02,359.11,1.018e-05,121.3,5.4,-11.0,5.3,9.2,0.9,1.0220720000000002e-05
542,70.59,0.02,359.11,1.035e-05,121.4,4.8,-11.1,4.9,9.3,0.8,1.0422449999999999e-05
543,70.49,0.02,359.11,1.053e-05,121.5,4.2,-9.4,4.5,10.4,0.8,1.085643e-05
544,70.39,0.02,359.11,1.07e-05,121.6,3.6,-9.0,4.1,6.0,0.9,1.0924699999999999e-05
545,70.29,0.02,359.11,1.088e-05,121.6,2.9,-9.4,3.7,6.9,0.7,1.1108479999999997e-05
546,70.19,0.02,359.11,1.106e-05,121.7,2.3,-9.9,3.3,6.5,0.3,1.146922e-05
547,70.09,0.02,359.11,1.125e-05,121.8,1.7,-11.0,2.9,6.3,-0.0,1.193625e-05
548,69.99,0.02,359.11,9.443e-06,121.9,1.1,-12.6,2.6,5.7,0.1,1.0283427e-05
549,69.89,0.02,359.11,9.505e-06,122.3,0.5,-12.5,2.4,3.6,0.3,1.0274905e-05
550,69.79,0.02,359.11,9.567e-06,122.7,-0.1,-12.8,2.3,1.9,0.7,1.0284525e-05
551,69.69,0.02,359.11,9.63e-06,123.0,-0.7,-13.3,2.2,0.5,0.8,1.0352249999999999e-05
552,69.59,0.02,359.11,9.693e-06,123.4,-1.3,-16.8,2.0,-0.4,0.8,1.0487826000000001e-05
553,69.49,0.02,359.11,9.756e-06,123.8,-1.9,-17.3,1.9,0.1,0.9,1.0351115999999999e-05
554,69.39,0.02,359.11,9.821e-06,124.2,-2.6,-17.2,1.7,0.8,0.5,1.0380796999999999e-05
555,69.29,0.02,359.11,9.885e-06,124.6,-3.2,-15.5,1.6,-0.9,0.1,1.0290285e-05
556,69.19,0.02,359.11,9.95e-06,125.0,-3.8,-17.9,1.5,-0.6,0.0,1.02883e-05
557,69.09,0.02,359.11,1.002e-05,125.4,-4.4,-18.6,1.3,-1.3,-0.1,1.003002e-05
558,68.99,0.02,359.11,1.008e-05,125.8,-5.0,-18.9,1.2,-2.2,-0.1,9.94896e-06
559,68.89,0.02,359.11,1.015e-05,126.2,-5.6,-19.7,1.1,-2.2,-0.0,9.896249999999999e-06
560,68.79,0.02,359.11,1.022e-05,126.6,-6.2,-21.4,0.9,-3.5,0.1,9.93384e-06
561,68.69,0.02,359.11,1.028e-05,127.0,-6.8,-22.5,0.8,-2.0,0.3,1.003328e-05
562,68.59,0.02,359.11,1.035e-05,127.4,-7.4,-22.8,0.6,-3.4,0.4,1.0049849999999998e-05
563,68.49,0.02,359.11,1.042e-05,127.7,-8.0,-24.3,0.5,-2.6,0.1,1.014908e-05
564,68.39,0.02,359.11,1.049e-05,128.1,-8.6,-23.6,0.4,-5.2,0.1,1.0469019999999999e-05
565,68.29,0.02,359.11,1.056e-05,128.5,-9.2,-24.5,0.2,-5.5,0.1,1.032768e-05
566,68.19,0.02,359.11,1.063e-05,128.9,-9.9,-27.2,0.1,-6.2,-0.4,1.05237e-05
567,68.09,0.02,359.11,1.07e-05,129.3,-10.5,-28.2,-0.1,-5.7,-0.3,1.04753e-05
568,67.99,0.02,359.11,1.078e-05,129.7,-11.1,-30.2,-0.2,-4.8,-0.1,1.043504e-05
569,67.89,0.02,359.11,1.085e-05,130.1,-11.7,-30.0,-0.3,-5.6,-0.3,1.0491949999999999e-05
570,67.79,0.02,359.11,1.092e-05,130.5,-12.3,-26.7,-0.5,-5.9,-0.2,1.02648e-05
571,67.69,0.02,359.11,1.099e-05,130.9,-12.9,-26.6,-0.6,-6.5,-0.3,1.048446e-05
572,67.59,0.02,359.11,1.107e-05,131.3,-13.5,-27.5,-0.7,-6.1,-0.4,1.05165e-05
573,67.49,0.02,359.11,1.114e-05,131.7,-14.1,-27.8,-0.9,-5.9,-0.6,1.066098e-05
574,67.39,0.02,359.11,1.122e-05,132.1,-14.7,-29.3,-1.0,-6.1,-1.0,1.0973159999999999e-05
575,67.29,0.02,359.11,1.129e-05,132.4,-15.3,-31.0,-1.2,-6.5,-1.3,1.101904e-05
576,67.19,0.02,359.11,1.137e-05,132.8,-15.9,-30.1,-1.3,-5.8,-1.4,1.106301e-05
577,67.09,0.02,359.11,1.145e-05,133.2,-16.5,-29.3,-1.4,-7.2,-1.3,1.114085e-05
578,66.99,0.02,359.11,1.153e-05,133.6,-17.2,-31.4,-1.6,-10.5,-1.2,1.136858e-05
579,66.89,0.02,359.11,1.16e-05,134.0,-17.8,-32.6,-1.7,-11.3,-1.2,1.07764e-05
580,66.79,0.02,359.11,1.168e-05,134.4,-18.4,-34.4,-1.8,-10.0,-0.9,1.0955839999999999e-05
581,66.69,0.02,359.11,1.176e-05,134.8,-19.0,-34.0,-2.0,-11.0,-0.9,1.1113199999999999e-05
582,66.59,0.02,359.11,1.184e-05,135.2,-19.6,-33.9,-2.1,-10.4,-1.0,1.150848e-05
583,66.49,0.02,359.11,1.193e-05,135.6,-20.2,-33.6,-2.3,-11.2,-1.3,1.2061229999999998e-05
584,66.39,0.02,359.11,1.201e-05,136.0,-20.8,-35.3,-2.4,-11.4,-0.9,1.180583e-05
585,66.29,0.02,359.11,1.209e-05,136.4,-21.4,-32.8,-2.5,-11.8,-0.3,1.1920739999999999e-05
586,66.19,0.02,359.11,1.217e-05,136.8,-22.0,-33.7,-2.7,-12.4,-0.6,1.195094e-05
587,66.09,0.02,359.11,1.226e-05,137.1,-22.6,-33.6,-2.8,-10.3,-0.4,1.2345819999999998e-05
588,65.99,0.02,359.11,1.234e-05,137.5,-23.2,-34.9,-2.9,-10.7,-0.8,1.2414040000000001e-05
589,65.89,0.02,359.11,1.243e-05,137.9,-23.8,-35.4,-3.1,-11.6,-0.6,1.2616449999999998e-05
590,65.79,0.02,359.11,1.251e-05,138.3,-24.5,-36.6,-3.2,-10.8,-0.2,1.2472470000000001e-05
591,65.69,0.02,359.11,1.26e-05,138.7,-25.1,-35.2,-3.4,-9.2,-0.6,1.26e-05
592,65.59,0.02,359.11,1.268e-05,139.1,-25.7,-35.4,-3.5,-7.9,-0.6,1.2844839999999999e-05
593,65.49,0.02,359.11,1.277e-05,139.5,-26.3,-35.7,-3.6,-10.1,-0.2,1.3216949999999999e-05
594,65.39,0.02,359.11,1.286e-05,139.9,-26.9,-37.1,-3.8,-10.8,0.1,1.314292e-05
595,65.29,0.02,359.11,1.295e-05,140.3,-27.5,-37.7,-3.9,-14.0,0.6,1.33126e-05
596,65.19,0.02,359.11,1.304e-05,140.7,-28.1,-38.4,-4.0,-14.8,0.8,1.3287759999999999e-05
597,65.09,0.02,359.11,1.313e-05,141.1,-28.7,-40.6,-4.2,-13.4,1.4,1.3747109999999998e-05
598,64.99,0.02,359.11,1.308e-05,141.4,-29.2,-40.9,-4.4,-14.0,1.3,1.3734000000000001e-05
599,64.89,0.02,359.11,1.316e-05,141.7,-29.1,-37.7,-5.2,-15.5,0.7,1.4015399999999998e-05
600,64.79,0.02,359.11,1.323e-05,141.9,-28.9,-35.5,-5.9,-15.9,0.6,1.4182560000000001e-05
601,64.69,0.02,359.11,1.33e-05,142.1,-28.7,-36.0,-6.7,-17.0,0.4,1.39783e-05
602,64.59,0.02,359.11,1.338e-05,142.3,-28.6,-36.1,-7.5,-16.9,0.8,1.4370120000000001e-05
603,64.49,0.02,359.11,1.345e-05,142.5,-28.4,-35.7,-8.2,-18.1,0.7,1.4189749999999999e-05
604,64.39,0.02,359.11,1.353e-05,142.8,-28.3,-36.1,-9.0,-18.6,0.2,1.4247089999999999e-05
605,64.29,0.02,359.11,1.361e-05,143.0,-28.1,-36.1,-9.8,-19.6,0.6,1.416801e-05
606,64.19,0.02,359.11,1.368e-05,143.2,-27.9,-37.5,-10.5,-19.3,0.9,1.4186159999999999e-05
607,64.09,0.02,359.11,1.376e-05,143.4,-27.8,-36.4,-11.3,-20.3,1.0,1.428288e-05
608,63.99,0.02,359.11,1.384e-05,143.7,-27.6,-37.8,-12.0,-22.8,1.0,1.400608e-05
609,63.89,0.02,359.11,1.392e-05,143.9,-27.5,-37.2,-12.8,-21.8,1.2,1.404528e-05
610,63.79,0.02,359.11,1.399e-05,144.1,-27.3,-37.1,-13.6,-22.7,1.6,1.419985e-05
611,63.69,0.02,359.11,1.407e-05,144.3,-27.2,-38.6,-14.3,-24.1,1.8,1.428105e-05
612,63.59,0.02,359.11,1.415e-05,144.6,-27.0,-35.9,-15.1,-26.3,2.0,1.415e-05
613,63.49,0.02,359.11,1.423e-05,144.8,-26.8,-37.4,-15.9,-30.0,1.9,1.423e-05
614,63.39,0.02,359.11,1.431e-05,145.0,-26.7,-36.7,-16.6,-31.1,2.1,1.4395860000000001e-05
615,63.29,0.02,359.11,1.439e-05,145.2,-26.5,-38.4,-17.4,-30.9,2.2,1.418854e-05
616,63.19,0.02,359.11,1.447e-05,145.5,-26.4,-36.2,-18.2,-30.1,2.6,1.452788e-05
617,63.09,0.02,359.11,1.456e-05,145.7,-26.2,-35.5,-18.9,-28.4,2.7,1.4472639999999999e-05
618,62.99,0.02,359.11,1.464e-05,145.9,-26.1,-35.3,-19.7,-31.7,3.5,1.436184e-05
619,62.89,0.02,359.11,1.472e-05,146.1,-25.9,-35.1,-20.4,-32.0,3.0,1.4469759999999999e-05
620,62.79,0.02,359.11,1.48e-05,146.3,-25.7,-34.3,-21.2,-34.4,3.1,1.44744e-05
621,62.69,0.02,359.12,1.489e-05,146.6,-25.6,-35.7,-22.0,-38.2,2.9,1.445819e-05
622,62.59,0.02,359.12,1.497e-05,146.8,-25.4,-34.0,-22.7,-37.5,2.6,1.440114e-05
623,62.49,0.02,359.12,1.506e-05,147.0,-25.3,-32.3,-23.5,-40.4,2.5,1.4201579999999998e-05
624,62.39,0.02,359.12,1.514e-05,147.2,-25.1,-33.9,-24.3,-40.9,2.4,1.4216459999999999e-05
625,62.29,0.02,359.12,1.523e-05,147.5,-24.9,-32.9,-25.0,-42.8,2.0,1.425528e-05
626,62.19,0.02,359.12,1.532e-05,147.7,-24.8,-30.5,-25.8,-44.2,1.9,1.398716e-05
627,62.09,0.02,359.12,1.54e-05,147.9,-24.6,-29.3,-26.6,-47.0,1.4,1.4106400000000003e-05
628,61.99,0.02,359.12,1.549e-05,148.1,-24.5,-29.7,-27.3,-48.8,1.4,1.434374e-05
629,61.89,0.02,359.12,1.558e-05,148.4,-24.3,-29.2,-28.1,-50.1,1.4,1.4660779999999999e-05
630,61.79,0.02,359.12,1.567e-05,148.6,-24.2,-27.9,-28.8,-49.2,1.6,1.50432e-05
631,61.69,0.02,359.12,1.576e-05,148.8,-24.0,-28.8,-29.6,-51.0,1.7,1.5082320000000001e-05
632,61.59,0.02,359.12,1.584e-05,149.0,-23.8,-29.2,-30.4,-51.3,1.5,1.525392e-05
633,61.49,0.02,359.12,1.594e-05,149.2,-23.7,-29.3,-31.1,-51.9,1.6,1.55415e-05
634,61.39,0.02,359.12,1.603e-05,149.5,-23.5,-27.5,-31.9,-49.8,0.8,1.567734e-05
635,61.29,0.02,359.12,1.612e-05,149.7,-23.4,-26.4,-32.7,-48.9,1.1,1.584596e-05
636,61.19,0.02,359.12,1.621e-05,149.9,-23.2,-27.6,-33.4,-52.3,1.4,1.57237e-05
637,61.09,0.02,359.12,1.63e-05,150.1,-23.0,-30.5,-34.2,-51.6,1.3,1.55502e-05
638,60.99,0.02,359.12,1.639e-05,150.4,-22.9,-31.0,-35.0,-51.3,1.4,1.57344e-05
639,60.89,0.02,359.12,1.649e-05,150.6,-22.7,-28.0,-35.7,-51.7,2.0,1.589636e-05
640,60.79,0.02,359.12,1.658e-05,150.8,-22.6,-28.4,-36.5,-51.6,1.4,1.60826e-05
641,60.69,0.02,359.12,1.668e-05,151.0,-22.4,-27.1,-37.2,-52.2,1.7,1.604616e-05
642,60.59,0.02,359.12,1.677e-05,151.3,-22.3,-27.6,-38.0,-52.4,1.7,1.603212e-05
643,60.49,0.02,359.12,1.687e-05,151.5,-22.1,-27.3,-38.8,-51.5,2.1,1.612772e-05
644,60.39,0.02,359.12,1.696e-05,151.7,-21.9,-28.1,-39.5,-50.8,2.3,1.650208e-05
645,60.29,0.02,359.12,1.706e-05,151.9,-21.8,-27.6,-40.3,-48.4,2.0,1.647996e-05
646,60.19,0.02,359.12,1.716e-05,152.2,-21.6,-27.9,-41.1,-48.2,2.2,1.6696679999999997e-05
647,60.09,0.02,359.12,1.726e-05,152.4,-21.5,-26.5,-41.8,-47.0,2.2,1.66559e-05
648,59.99,0.02,359.12,1.737e-05,152.5,-21.2,-25.2,-42.5,-47.1,2.7,1.664046e-05
649,59.89,0.02,359.12,1.757e-05,152.4,-20.4,-23.8,-42.2,-46.1,2.7,1.6849629999999997e-05
650,59.79,0.02,359.12,1.777e-05,152.3,-19.5,-23.9,-41.9,-48.0,2.6,1.707697e-05
651,59.69,0.02,359.12,1.798e-05,152.1,-18.7,-23.0,-41.6,-47.0,2.6,1.715292e-05
652,59.59,0.02,359.12,1.819e-05,152.0,-17.9,-21.9,-41.3,-47.3,2.5,1.742602e-05
653,59.49,0.02,359.12,1.84e-05,151.8,-17.0,-21.8,-41.0,-44.4,2.4,1.7296e-05
654,59.39,0.02,359.12,1.861e-05,151.7,-16.2,-20.7,-40.8,-43.0,2.7,1.7567839999999997e-05
655,59.29,0.02,359.12,1.883e-05,151.5,-15.4,-20.1,-40.5,-44.2,3.1,1.777552e-05
656,59.19,0.02,359.12,1.904e-05,151.4,-14.5,-19.7,-40.2,-41.7,3.0,1.839264e-05
657,59.09,0.02,359.12,1.926e-05,151.2,-13.7,-20.1,-39.9,-40.9,2.9,1.821996e-05
658,58.99,0.02,359.12,1.949e-05,151.1,-12.8,-19.4,-39.6,-39.1,3.1,1.849601e-05
659,58.89,0.02,359.12,1.971e-05,150.9,-12.0,-19.9,-39.3,-38.6,3.2,1.886247e-05
660,58.79,0.02,359.12,1.994e-05,150.8,-11.2,-17.4,-39.1,-38.4,3.1,1.906264e-05
661,58.69,0.02,359.12,2.017e-05,150.6,-10.3,-15.6,-38.8,-37.7,3.2,1.902031e-05
662,58.59,0.02,359.12,2.041e-05,150.5,-9.5,-14.4,-38.5,-35.5,3.3,1.9532369999999997e-05
663,58.49,0.02,359.12,2.064e-05,150.3,-8.7,-14.1,-38.2,-35.1,3.4,1.9525439999999997e-05
664,58.39,0.02,359.12,2.088e-05,150.2,-7.8,-12.0,-37.9,-33.6,3.5,1.9522800000000002e-05
665,58.29,0.02,359.12,2.112e-05,150.0,-7.0,-12.0,-37.6,-33.3,3.4,1.9683840000000002e-05
666,58.19,0.02,359.12,2.137e-05,149.9,-6.1,-9.7,-37.4,-32.7,3.1,1.989547e-05
667,58.09,0.02,359.12,2.162e-05,149.7,-5.3,-10.4,-37.1,-33.3,3.0,2.049576e-05
668,57.99,0.02,359.12,2.187e-05,149.6,-4.5,-5.7,-36.8,-35.0,3.2,2.138886e-05
669,57.89,0.02,359.12,2.212e-05,149.4,-3.6,-4.2,-36.5,-34.3,3.1,2.1876680000000002e-05
670,57.79,0.02,359.12,2.238e-05,149.3,-2.8,-2.1,-36.2,-33.9,3.2,2.2536659999999998e-05
671,57.69,0.02,359.12,2.264e-05,149.1,-2.0,-2.2,-36.0,-33.0,3.4,2.254944e-05
672,57.59,0.02,359.12,2.29e-05,149.0,-1.1,-0.9,-35.7,-32.2,3.2,2.27626e-05
673,57.49,0.02,359.12,2.316e-05,148.8,-0.3,-2.0,-35.4,-34.6,3.2,2.3553719999999996e-05
674,57.39,0.02,359.12,2.343e-05,148.7,0.6,-1.3,-35.1,-33.4,3.0,2.3898600000000002e-05
675,57.29,0.02,359.12,2.37e-05,148.5,1.4,0.1,-34.8,-31.2,2.7,2.45295e-05
676,57.19,0.02,359.12,2.398e-05,148.4,2.2,0.7,-34.5,-29.2,2.8,2.510706e-05
677,57.09,0.02,359.12,2.426e-05,148.3,3.1,2.2,-34.3,-29.6,2.6,2.5375960000000003e-05
678,56.99,0.02,359.12,2.454e-05,148.1,3.9,3.8,-34.0,-29.5,2.6,2.606148e-05
679,56.89,0.02,359.12,2.482e-05,148.0,4.7,4.3,-33.7,-30.5,2.6,2.675596e-05
680,56.79,0.02,359.12,2.511e-05,147.8,5.6,5.7,-33.4,-30.4,2.8,2.6666819999999998e-05
681,56.69,0.02,359.12,2.54e-05,147.7,6.4,8.1,-33.1,-30.4,2.7,2.7127200000000003e-05
682,56.59,0.02,359.12,2.57e-05,147.5,7.3,7.7,-32.8,-31.5,2.8,2.78588e-05
683,56.49,0.02,359.12,2.599e-05,147.4,8.1,6.9,-32.6,-32.0,2.7,2.793925e-05
684,56.39,0.02,359.12,2.63e-05,147.2,8.9,7.6,-32.3,-32.8,2.4,2.8325099999999998e-05
685,56.29,0.02,359.12,2.66e-05,147.1,9.8,10.7,-32.0,-31.1,2.7,2.8994e-05
686,56.19,0.02,359.12,2.691e-05,146.9,10.6,11.3,-31.7,-30.2,2.5,2.9439540000000004e-05
687,56.09,0.02,359.12,2.722e-05,146.8,11.4,10.7,-31.4,-29.0,2.5,2.9261499999999998e-05
688,55.99,0.02,359.12,2.754e-05,146.6,12.3,12.2,-31.1,-29.0,2.2,2.9495339999999998e-05
689,55.89,0.02,359.12,2.786e-05,146.5,13.1,11.2,-30.9,-28.0,1.9,2.9865920000000003e-05
690,55.79,0.02,359.12,2.818e-05,146.3,14.0,11.4,-30.6,-26.3,2.2,2.9532640000000002e-05
691,55.69,0.02,359.12,2.851e-05,146.2,14.8,10.0,-30.3,-24.5,1.9,3.02206e-05
692,55.59,0.02,359.12,2.884e-05,146.0,15.6,11.6,-30.0,-24.0,1.3,3.07146e-05
693,55.49,0.02,359.12,2.917e-05,145.9,16.5,14.5,-29.7,-24.5,1.5,3.1357749999999996e-05
694,55.39,0.02,359.12,2.951e-05,145.7,17.3,15.2,-29.5,-25.1,1.4,3.145766e-05
695,55.29,0.02,359.12,2.986e-05,145.6,18.1,17.0,-29.2,-25.7,1.4,3.233838e-05
696,55.19,0.02,359.12,3.02e-05,145.4,19.0,17.6,-28.9,-26.1,1.3,3.2616e-05
697,55.09,0.02,359.12,3.055e-05,145.3,19.8,19.6,-28.6,-25.1,1.1,3.308565e-05
698,54.99,0.02,359.12,3.092e-05,145.1,20.4,21.2,-28.3,-25.3,0.8,3.395016e-05
699,54.89,0.02,359.12,3.138e-05,144.8,19.6,20.8,-27.8,-25.5,0.7,3.423558e-05
700,54.79,0.02,359.12,3.185e-05,144.5,18.8,22.2,-27.2,-23.2,0.6,3.481205e-05
701,54.69,0.02,359.12,3.232e-05,144.2,18.0,20.5,-26.7,-22.7,0.3,3.5034880000000004e-05
702,54.59,0.02,359.12,3.28e-05,143.9,17.2,19.5,-26.2,-20.9,0.1,3.5456799999999996e-05
703,54.49,0.02,359.12,3.328e-05,143.6,16.4,19.0,-25.6,-18.9,0.2,3.567616e-05
704,54.39,0.02,359.12,3.378e-05,143.3,15.6,17.9,-25.1,-17.0,0.4,3.634728e-05
705,54.29,0.02,359.12,3.428e-05,143.0,14.8,15.5,-24.6,-16.2,0.9,3.695384e-05
706,54.19,0.02,359.12,3.478e-05,142.7,14.0,13.7,-24.0,-15.0,1.1,3.804932e-05
707,54.09,0.02,359.12,3.53e-05,142.4,13.2,14.0,-23.5,-14.0,1.4,3.82652e-05
708,53.99,0.02,359.12,3.582e-05,142.1,12.5,12.1,-23.0,-15.2,1.4,3.897216e-05
709,53.89,0.02,359.12,3.636e-05,141.8,11.7,11.3,-22.4,-16.3,1.4,4.046868e-05
710,53.79,0.02,359.12,3.69e-05,141.5,10.9,9.6,-21.9,-14.9,1.2,4.132800000000001e-05
711,53.69,0.02,359.12,3.745e-05,141.2,10.1,10.9,-21.4,-15.8,1.0,4.168185e-05
712,53.59,0.02,359.13,3.8e-05,140.9,9.3,11.4,-20.8,-14.0,1.2,4.2028000000000005e-05
713,53.49,0.02,359.13,3.857e-05,140.6,8.5,9.6,-20.3,-13.9,1.2,4.3622669999999996e-05
714,53.39,0.02,359.13,3.914e-05,140.3,7.7,7.1,-19.8,-13.9,0.8,4.497186e-05
715,53.29,0.02,359.13,3.972e-05,140.0,6.9,4.7,-19.2,-12.1,0.8,4.583687999999999e-05
716,53.19,0.02,359.13,4.031e-05,139.7,6.1,6.4,-18.7,-11.1,0.8,4.607433e-05
717,53.09,0.02,359.13,4.091e-05,139.5,5.3,6.0,-18.2,-9.1,0.6,4.692377e-05
718,52.99,0.02,359.13,4.152e-05,139.2,4.5,4.1,-17.6,-8.5,0.5,4.812168e-05
719,52.89,0.02,359.13,4.214e-05,138.9,3.7,3.3,-17.1,-6.3,1.0,4.8460999999999996e-05
720,52.79,0.02,359.13,4.277e-05,138.6,2.9,2.0,-16.6,-6.2,1.0,4.922827e-05
721,52.69,0.02,359.13,4.341e-05,138.3,2.1,2.7,-16.1,-6.4,0.9,5.005173e-05
722,52.59,0.02,359.13,4.405e-05,138.0,1.3,1.6,-15.5,-5.9,0.6,4.9776499999999993e-05
723,52.49,0.02,359.13,4.471e-05,137.7,0.5,2.5,-15.0,-5.4,0.9,4.976223e-05
724,52.39,0.02,359.13,4.538e-05,137.4,-0.3,0.3,-14.5,-4.5,1.1,5.064408000000001e-05
725,52.29,0.02,359.13,4.605e-05,137.1,-1.1,1.3,-13.9,-3.5,1.2,5.116155e-05
726,52.19,0.02,359.13,4.674e-05,136.8,-1.9,1.2,-13.4,-2.7,1.1,5.253576000000001e-05
727,52.09,0.02,359.13,4.744e-05,136.5,-2.7,0.6,-12.9,-3.1,0.8,5.3891839999999994e-05
728,51.99,0.02,359.13,4.815e-05,136.2,-3.5,-0.1,-12.3,-2.2,0.8,5.4457649999999995e-05
729,51.89,0.02,359.13,4.887e-05,135.9,-4.3,-0.0,-11.8,-1.4,0.8,5.566293e-05
730,51.79,0.02,359.13,4.96e-05,135.6,-5.1,0.2,-11.3,-1.6,0.5,5.68912e-05
731,51.69,0.02,359.13,5.034e-05,135.3,-5.9,-2.9,-10.7,-0.8,0.7,5.718624e-05
732,51.59,0.02,359.13,5.109e-05,135.0,-6.7,-5.7,-10.2,-2.8,0.3,5.727189e-05
733,51.49,0.02,359.13,5.186e-05,134.7,-7.5,-6.2,-9.7,-3.5,0.3,5.78239e-05
734,51.39,0.02,359.13,5.263e-05,134.4,-8.3,-6.7,-9.1,-2.3,0.5,5.878771e-05
735,51.29,0.02,359.13,5.342e-05,134.1,-9.1,-7.9,-8.6,-1.2,0.5,6.031118e-05
736,51.19,0.02,359.13,5.422e-05,133.8,-9.9,-8.3,-8.1,-1.2,0.0,6.078062e-05
737,51.09,0.02,359.13,5.503e-05,133.5,-10.7,-9.5,-7.5,-3.6,-0.0,6.196377999999999e-05
738,50.99,0.02,359.13,5.586e-05,133.2,-11.5,-8.2,-7.0,-5.0,0.2,6.222804e-05
739,50.89,0.02,359.13,5.67e-05,132.9,-12.3,-9.0,-6.5,-3.5,0.2,6.259680000000001e-05
740,50.79,0.02,359.13,5.755e-05,132.6,-13.1,-7.7,-5.9,-1.9,0.1,6.359275000000001e-05
741,50.69,0.02,359.13,5.841e-05,132.3,-13.9,-10.0,-5.4,-0.8,-0.0,6.384213e-05
742,50.59,0.02,359.13,5.929e-05,132.0,-14.7,-10.2,-4.9,-1.8,0.4,6.58119e-05
743,50.49,0.02,359.13,6.018e-05,131.7,-15.5,-11.8,-4.3,-0.2,0.6,6.77025e-05
744,50.39,0.02,359.13,6.108e-05,131.4,-16.3,-11.9,-3.8,-0.9,0.7,6.792096000000001e-05
745,50.29,0.02,359.13,6.2e-05,131.1,-17.1,-12.3,-3.3,-1.9,0.7,6.8324e-05
746,50.19,0.02,359.13,6.293e-05,130.8,-17.9,-12.9,-2.8,0.0,1.0,6.960058e-05
747,50.09,0.02,359.13,6.388e-05,130.5,-18.7,-14.4,-2.2,1.5,1.3,7.007636000000001e-05
748,49.99,0.02,359.13,6.483e-05,130.2,-19.4,-13.9,-1.7,3.1,1.7,7.163715e-05
749,49.89,0.02,359.13,6.574e-05,130.2,-20.0,-14.2,-1.4,2.6,1.6,7.310288000000001e-05
750,49.79,0.02,359.13,6.667e-05,130.2,-20.5,-14.1,-1.0,1.6,1.5,7.300365e-05
751,49.69,0.02,359.13,6.761e-05,130.2,-21.0,-14.5,-0.6,3.4,1.4,7.403295e-05
752,49.59,0.02,359.13,6.857e-05,130.2,-21.6,-14.4,-0.3,2.3,1.5,7.535843e-05
753,49.49,0.02,359.13,6.954e-05,130.2,-22.1,-15.3,0.1,3.4,1.4,7.593768000000001e-05
754,49.39,0.02,359.13,7.052e-05,130.2,-22.7,-15.6,0.4,3.9,1.0,7.658472000000001e-05
755,49.29,0.02,359.13,7.152e-05,130.2,-23.2,-14.7,0.8,5.1,1.0,7.659792000000001e-05
756,49.19,0.02,359.13,7.253e-05,130.2,-23.7,-15.3,1.1,6.8,1.1,7.775216000000001e-05
757,49.09,0.02,359.13,7.355e-05,130.2,-24.3,-14.6,1.5,8.1,1.1,7.95811e-05
758,48.99,0.02,359.13,7.459e-05,130.2,-24.8,-13.5,1.9,8.7,1.1,8.070638000000001e-05
759,48.89,0.02,359.13,7.564e-05,130.2,-25.4,-14.0,2.2,8.6,1.0,8.252324e-05
760,48.79,0.02,359.13,7.671e-05,130.2,-25.9,-14.1,2.6,8.5,0.8,8.530152000000001e-05
761,48.69,0.02,359.13,7.779e-05,130.2,-26.4,-15.1,2.9,10.2,0.8,8.696922e-05
762,48.59,0.02,359.13,7.889e-05,130.2,-27.0,-14.5,3.3,10.3,1.1,8.75679e-05
763,48.49,0.02,359.13,8.001e-05,130.2,-27.5,-15.8,3.6,11.6,1.1,8.897112000000001e-05
764,48.39,0.02,359.13,8.114e-05,130.2,-28.1,-14.5,4.0,15.0,1.0,8.755005999999999e-05
765,48.29,0.02,359.13,8.228e-05,130.2,-28.6,-17.0,4.4,15.5,1.1,8.828644e-05
766,48.19,0.02,359.13,8.344e-05,130.2,-29.1,-16.6,4.7,16.4,1.1,9.09496e-05
767,48.09,0.02,359.13,8.462e-05,130.2,-29.7,-15.2,5.1,16.8,1.0,9.291276e-05
768,47.99,0.02,359.13,8.582e-05,130.2,-30.2,-17.9,5.4,16.4,0.7,9.56893e-05
769,47.89,0.02,359.13,8.703e-05,130.2,-30.8,-19.8,5.8,16.3,1.0,9.799577999999999e-05
770,47.79,0.02,359.13,8.826e-05,130.2,-31.3,-21.2,6.1,16.9,1.0,9.902772000000001e-05
771,47.69,0.02,359.13,8.951e-05,130.1,-31.8,-23.0,6.5,17.0,0.9,0.00010141483
772,47.59,0.02,359.13,9.077e-05,130.1,-32.4,-24.8,6.9,17.1,1.0,0.00010175317
773,47.49,0.02,359.13,9.205e-05,130.1,-32.9,-24.8,7.2,17.9,1.1,0.00010171525
774,47.39,0.02,359.13,9.335e-05,130.1,-33.4,-26.7,7.6,18.7,1.5,0.00010473870000000002
775,47.29,0.02,359.13,9.467e-05,130.1,-34.0,-29.5,7.9,18.2,1.5,0.00010688243
776,47.19,0.02,359.13,9.601e-05,130.1,-34.5,-31.1,8.3,18.3,1.6,0.00010839529
777,47.09,0.02,359.13,9.736e-05,130.1,-35.1,-31.2,8.6,18.8,1.9,0.00011030888000000001
778,46.99,0.02,359.13,9.874e-05,130.1,-35.6,-29.4,9.0,19.2,1.5,0.0001125636
779,46.89,0.02,359.13,0.0001001,130.1,-36.1,-29.8,9.4,20.9,1.1,0.00011341329999999999
780,46.79,0.02,359.13,0.0001015,130.1,-36.7,-31.2,9.7,20.3,1.3,0.0001137815
781,46.69,0.02,359.13,0.000103,130.1,-37.2,-32.0,10.1,21.3,1.4,0.00011360899999999999
782,46.59,0.02,359.13,0.0001044,130.1,-37.8,-33.1,10.4,19.4,1.1,0.000114318
783,46.49,0.02,359.13,0.0001059,130.1,-38.3,-32.8,10.8,19.3,0.9,0.0001147956
784,46.39,0.02,359.13,0.0001074,130.1,-38.8,-32.6,11.1,18.5,0.6,0.0001174956
785,46.29,0.02,359.13,0.0001089,130.1,-39.4,-32.8,11.5,18.0,0.8,0.00011891880000000002
786,46.19,0.02,359.13,0.0001105,130.1,-39.9,-35.0,11.9,19.0,0.8,0.0001203345
787,46.09,0.02,359.13,0.000112,130.1,-40.5,-35.1,12.2,18.9,0.8,0.000122528
788,45.99,0.02,359.13,0.0001136,130.1,-41.0,-36.9,12.6,16.6,0.8,0.0001230288
789,45.89,0.02,359.13,0.0001152,130.1,-41.5,-38.0,12.9,17.2,0.7,0.000124416
790,45.79,0.02,359.13,0.0001168,130.1,-42.1,-39.7,13.3,18.5,0.5,0.00012614400000000002
791,45.69,0.02,359.13,0.0001185,130.1,-42.6,-39.3,13.6,19.3,0.4,0.00012916500000000001
792,45.59,0.02,359.13,0.0001202,130.1,-43.2,-39.6,14.0,19.8,0.4,0.000131619
793,45.49,0.02,359.13,0.0001219,130.1,-43.7,-41.0,14.4,20.5,0.7,0.0001326272
794,45.39,0.02,359.13,0.0001236,130.0,-44.2,-41.9,14.7,22.6,0.5,0.0001331172
795,45.29,0.02,359.13,0.0001253,130.0,-44.8,-41.7,15.1,21.9,0.5,0.000134071
796,45.19,0.02,359.13,0.0001271,130.0,-45.3,-43.1,15.4,21.2,0.3,0.0001365054
797,45.09,0.02,359.13,0.0001289,130.0,-45.9,-45.0,15.8,22.1,0.3,0.00013895419999999998
798,44.99,0.02,359.13,0.0001307,130.1,-46.3,-45.0,16.1,23.2,0.5,0.0001412867
799,44.89,0.02,359.13,0.0001324,130.2,-46.5,-44.1,16.1,20.7,0.7,0.0001428596
800,44.79,0.02,359.13,0.0001341,130.4,-46.7,-44.4,16.1,19.9,0.4,0.0001446939
801,44.69,0.02,359.13,0.0001358,130.5,-46.8,-44.6,16.2,19.2,0.2,0.000147343
802,44.59,0.02,359.13,0.0001375,130.7,-47.0,-46.1,16.2,19.5,0.1,0.00014905000000000002
803,44.49,0.02,359.14,0.0001393,130.8,-47.2,-48.0,16.2,18.2,0.3,0.00015267280000000002
804,44.39,0.02,359.14,0.0001411,131.0,-47.3,-47.3,16.2,19.3,0.4,0.00015647989999999999
805,44.29,0.02,359.14,0.0001429,131.2,-47.5,-47.7,16.2,19.7,0.7,0.000160048
806,44.19,0.02,359.14,0.0001447,131.3,-47.6,-45.1,16.2,18.8,0.4,0.00016553679999999998
807,44.09,0.02,359.14,0.0001465,131.5,-47.8,-45.5,16.3,19.7,0.3,0.000166131
808,43.99,0.02,359.14,0.0001484,131.6,-48.0,-46.3,16.3,19.1,0.0,0.0001696212
809,43.89,0.02,359.14,0.0001503,131.8,-48.1,-47.4,16.3,20.0,0.2,0.0001704402
810,43.79,0.02,359.14,0.0001523,132.0,-48.3,-48.0,16.3,19.6,-0.0,0.00017346969999999998
811,43.69,0.02,359.14,0.0001542,132.1,-48.5,-47.8,16.3,19.9,-0.1,0.0001744002
812,43.59,0.02,359.14,0.0001562,132.3,-48.6,-47.8,16.3,19.8,-0.1,0.00017713079999999998
813,43.49,0.02,359.14,0.0001582,132.4,-48.8,-49.3,16.4,20.5,0.2,0.00017908239999999998
814,43.39,0.02,359.14,0.0001602,132.6,-48.9,-52.8,16.4,19.7,0.1,0.000181827
815,43.29,0.02,359.14,0.0001623,132.8,-49.1,-53.0,16.4,19.2,0.1,0.0001845351
816,43.19,0.02,359.14,0.0001644,132.9,-49.3,-54.8,16.4,18.9,0.2,0.00018577199999999998
817,43.09,0.02,359.14,0.0001665,133.1,-49.4,-54.4,16.4,18.5,-0.4,0.000189477
818,42.99,0.02,359.14,0.0001686,133.2,-49.6,-53.7,16.4,20.9,-0.1,0.0001906866
819,42.89,0.02,359.14,0.0001708,133.4,-49.8,-54.1,16.5,22.1,-0.5,0.0001914668
820,42.79,0.02,359.14,0.000173,133.6,-49.9,-54.5,16.5,22.4,-0.5,0.000192549
821,42.69,0.02,359.14,0.0001752,133.7,-50.1,-56.2,16.5,21.2,-0.6,0.00019482240000000001
822,42.59,0.02,359.14,0.0001774,133.9,-50.2,-56.5,16.5,21.2,-0.8,0.00019868800000000003
823,42.49,0.02,359.14,0.0001797,134.0,-50.4,-55.7,16.5,21.7,-0.9,0.0002036001
824,42.39,0.02,359.14,0.000182,134.2,-50.6,-56.3,16.5,20.8,-0.9,0.000204022
825,42.29,0.02,359.14,0.0001843,134.3,-50.7,-58.0,16.6,23.4,-1.2,0.00020567880000000002
826,42.19,0.02,359.14,0.0001867,134.5,-50.9,-56.9,16.6,23.3,-1.2,0.00020649020000000002
827,42.09,0.02,359.14,0.0001891,134.7,-51.1,-57.5,16.6,23.2,-1.3,0.0002076318
828,41.99,0.02,359.14,0.0001915,134.8,-51.2,-57.2,16.6,23.4,-1.5,0.0002104585
829,41.89,0.02,359.14,0.000194,135.0,-51.4,-57.5,16.6,21.8,-1.4,0.00021378800000000002
830,41.79,0.02,359.14,0.0001965,135.1,-51.5,-57.3,16.7,22.3,-1.4,0.0002167395
831,41.69,0.02,359.14,0.000199,135.3,-51.7,-59.5,16.7,22.5,-1.5,0.00022128800000000004
832,41.59,0.02,359.14,0.0002016,135.5,-51.9,-58.4,16.7,22.1,-1.6,0.0002261952
833,41.49,0.02,359.14,0.0002042,135.6,-52.0,-60.0,16.7,20.6,-1.6,0.0002284998
834,41.39,0.02,359.14,0.0002068,135.8,-52.2,-59.8,16.7,22.0,-1.5,0.00023182280000000002
835,41.29,0.02,359.14,0.0002094,135.9,-52.4,-59.9,16.7,21.6,-0.9,0.00023578439999999998
836,41.19,0.02,359.14,0.0002121,136.1,-52.5,-59.5,16.8,21.2,-1.1,0.0002345826
837,41.09,0.02,359.14,0.0002149,136.3,-52.7,-59.6,16.8,21.6,-0.8,0.00023639
838,40.99,0.02,359.14,0.0002176,136.4,-52.9,-59.8,16.8,22.2,-0.6,0.00023761920000000002
839,40.89,0.02,359.14,0.0002204,136.6,-53.0,-60.6,16.8,23.6,-0.8,0.00024244000000000002
840,40.79,0.02,359.14,0.0002233,136.7,-53.2,-60.6,16.8,24.3,-0.8,0.00024563000000000005
841,40.69,0.02,359.14,0.0002261,136.9,-53.3,-61.6,16.8,24.8,-1.1,0.0002471273
842,40.59,0.02,359.14,0.000229,137.1,-53.5,-61.7,16.9,24.9,-0.6,0.000248007
843,40.49,0.02,359.14,0.000232,137.2,-53.7,-62.4,16.9,25.2,-0.7,0.000248008
844,40.39,0.02,359.14,0.000235,137.4,-53.8,-62.3,16.9,22.7,-1.0,0.00025074499999999997
845,40.29,0.02,359.14,0.000238,137.5,-54.0,-61.3,16.9,23.4,-1.0,0.000252042
846,40.19,0.02,359.14,0.0002411,137.7,-54.2,-61.8,16.9,22.3,-1.1,0.000260388
847,40.09,0.02,359.14,0.0002442,137.8,-54.3,-62.6,16.9,22.9,-1.0,0.00026666640000000007
848,39.99,0.02,359.14,0.0002473,138.0,-54.5,-61.9,16.9,23.4,-1.0,0.0002693097
849,39.89,0.02,359.14,0.0002501,138.3,-54.4,-61.9,16.7,23.4,-1.0,0.0002703581
850,39.79,0.02,359.14,0.0002529,138.6,-54.4,-61.8,16.4,23.6,-1.2,0.0002685798
851,39.69,0.02,359.14,0.0002558,138.9,-54.4,-63.6,16.2,24.5,-1.0,0.0002739618
852,39.59,0.02,359.14,0.0002587,139.1,-54.3,-62.3,16.0,24.8,-0.8,0.0002806895
853,39.49,0.02,359.14,0.0002616,139.4,-54.3,-61.5,15.7,24.7,-0.5,0.00028619040000000005
854,39.39,0.02,359.14,0.0002646,139.7,-54.3,-61.6,15.5,24.4,-0.3,0.00029132459999999997
855,39.29,0.02,359.14,0.0002676,140.0,-54.2,-60.6,15.2,23.9,-0.2,0.00029195159999999997
856,39.19,0.02,359.14,0.0002706,140.3,-54.2,-61.1,15.0,21.3,-0.5,0.00029495400000000005
857,39.09,0.02,359.14,0.0002737,140.5,-54.2,-60.9,14.8,20.3,-0.5,0.00029723820000000003
858,38.99,0.02,359.14,0.0002768,140.8,-54.1,-60.8,14.5,20.8,-0.4,0.0002986672
859,38.89,0.02,359.14,0.0002799,141.1,-54.1,-59.7,14.3,19.4,-0.2,0.00030033269999999996
860,38.79,0.02,359.14,0.0002831,141.4,-54.1,-60.2,14.0,17.9,-0.3,0.00030376629999999996
861,38.69,0.02,359.14,0.0002863,141.7,-54.0,-60.4,13.8,17.6,-0.4,0.0003057684
862,38.59,0.02,359.14,0.0002896,141.9,-54.0,-60.0,13.6,17.6,-0.6,0.0003078448
863,38.49,0.02,359.14,0.0002929,142.2,-54.0,-60.7,13.3,16.7,-0.7,0.0003113527
864,38.39,0.02,359.14,0.0002962,142.5,-53.9,-59.9,13.1,16.0,-0.9,0.0003193036
865,38.29,0.02,359.14,0.0002996,142.8,-53.9,-59.1,12.8,16.9,-0.9,0.0003226692
866,38.19,0.02,359.14,0.000303,143.0,-53.9,-57.5,12.6,17.0,-1.0,0.00032421
867,38.09,0.02,359.14,0.0003065,143.3,-53.8,-56.8,12.4,16.4,-0.9,0.0003288745
868,37.99,0.02,359.14,0.00031,143.6,-53.8,-56.5,12.1,16.5,-1.1,0.00033108000000000004
869,37.89,0.02,359.14,0.0003135,143.9,-53.8,-58.6,11.9,16.8,-1.0,0.0003357585
870,37.79,0.02,359.14,0.0003171,144.2,-53.7,-58.3,11.6,14.6,-1.2,0.000336126
871,37.69,0.02,359.14,0.0003207,144.4,-53.7,-57.0,11.4,13.7,-1.2,0.00033962129999999996
872,37.59,0.02,359.14,0.0003243,144.7,-53.7,-56.9,11.2,14.5,-1.2,0.00034051500000000006
873,37.49,0.02,359.14,0.000328,145.0,-53.6,-56.0,10.9,13.5,-1.1,0.000342104
874,37.39,0.02,359.14,0.0003318,145.3,-53.6,-56.5,10.7,14.0,-1.0,0.0003503808
875,37.29,0.02,359.14,0.0003356,145.6,-53.6,-58.1,10.4,13.9,-0.8,0.0003520444
876,37.19,0.02,359.14,0.0003394,145.8,-53.5,-57.6,10.2,14.5,-0.8,0.0003594246
877,37.09,0.02,359.14,0.0003433,146.1,-53.5,-55.8,10.0,15.7,-0.7,0.00036355469999999995
878,36.99,0.02,359.14,0.0003472,146.4,-53.5,-55.3,9.7,16.4,-0.6,0.0003659488
879,36.89,0.02,359.14,0.0003512,146.7,-53.4,-53.7,9.5,14.8,-1.0,0.00037016480000000003
880,36.79,0.02,359.14,0.0003552,147.0,-53.4,-53.5,9.2,15.2,-0.8,0.00037224960000000005
881,36.69,0.02,359.14,0.0003593,147.2,-53.4,-52.7,9.0,14.6,-0.8,0.00037654640000000004
882,36.59,0.02,359.14,0.0003634,147.5,-53.3,-52.8,8.7,15.2,-1.2,0.00038193339999999996
883,36.49,0.02,359.14,0.0003676,147.8,-53.3,-53.5,8.5,13.3,-1.1,0.0003874504
884,36.39,0.02,359.14,0.0003718,148.1,-53.3,-55.1,8.3,13.5,-1.0,0.0003926208
885,36.29,0.02,359.14,0.000376,148.4,-53.2,-55.9,8.0,12.7,-0.8,0.00039893599999999996
886,36.19,0.02,359.14,0.0003804,148.6,-53.2,-55.4,7.8,12.1,-0.8,0.00040588679999999994
887,36.09,0.02,359.14,0.0003847,148.9,-53.2,-54.1,7.5,11.4,-1.0,0.0004112443
888,35.99,0.02,359.14,0.0003891,149.2,-53.1,-55.2,7.3,10.2,-1.1,0.00041555880000000006
889,35.89,0.02,359.14,0.0003936,149.5,-53.1,-55.1,7.1,9.8,-1.3,0.0004207584
890,35.79,0.02,359.14,0.0003981,149.8,-53.1,-57.8,6.8,9.3,-1.5,0.0004263650999999999
891,35.69,0.02,359.14,0.0004027,150.0,-53.0,-57.7,6.6,8.3,-1.8,0.0004296809
892,35.59,0.02,359.14,0.0004073,150.3,-53.0,-57.1,6.3,7.6,-1.8,0.0004292942
893,35.49,0.02,359.14,0.000412,150.6,-53.0,-57.9,6.1,8.5,-1.5,0.00043218799999999996
894,35.39,0.02,359.15,0.0004167,150.9,-52.9,-57.2,5.9,6.5,-1.8,0.0004346181
895,35.29,0.02,359.15,0.0004215,151.1,-52.9,-56.2,5.6,5.1,-1.7,0.0004429965
896,35.19,0.02,359.15,0.0004264,151.4,-52.9,-56.5,5.4,4.0,-1.5,0.0004451616
897,35.09,0.02,359.15,0.0004313,151.7,-52.8,-56.8,5.1,3.7,-1.6,0.0004472581
898,34.99,0.02,359.15,0.0004362,152.0,-52.8,-56.5,4.9,2.5,-1.5,0.00045408419999999996
899,34.89,0.02,359.15,0.000441,152.2,-52.5,-55.2,4.8,0.7,-1.6,0.00045731699999999994
900,34.79,0.02,359.15,0.0004458,152.4,-52.2,-55.6,4.8,1.2,-1.7,0.00046140299999999993
901,34.69,0.02,359.15,0.0004507,152.6,-52.0,-55.7,4.7,1.5,-1.5,0.0004619675
902,34.59,0.02,359.15,0.0004556,152.8,-51.7,-55.9,4.6,2.3,-1.5,0.00047017920000000005
903,34.49,0.02,359.15,0.0004606,153.0,-51.5,-55.1,4.5,2.3,-1.2,0.0004753392
904,34.39,0.02,359.15,0.0004656,153.2,-51.2,-55.3,4.4,3.0,-1.1,0.000484224
905,34.29,0.02,359.15,0.0004707,153.5,-50.9,-54.9,4.4,3.0,-1.0,0.0004904694
906,34.19,0.02,359.15,0.0004759,153.7,-50.7,-54.7,4.3,3.0,-1.2,0.0004954118999999999
907,34.09,0.02,359.15,0.0004811,153.9,-50.4,-55.9,4.2,3.1,-1.3,0.0005075605
908,33.99,0.02,359.15,0.0004864,154.1,-50.2,-55.8,4.1,2.5,-1.4,0.0005116928000000001
909,33.89,0.02,359.15,0.0004917,154.3,-49.9,-54.4,4.0,0.8,-1.4,0.0005128431
910,33.79,0.02,359.15,0.0004971,154.5,-49.6,-53.1,3.9,-0.7,-1.3,0.0005214579
911,33.69,0.02,359.15,0.0005026,154.7,-49.4,-52.8,3.9,-0.2,-1.3,0.0005317507999999999
912,33.59,0.02,359.15,0.0005081,154.9,-49.1,-52.5,3.8,-1.0,-1.1,0.0005451913
913,33.49,0.02,359.15,0.0005136,155.2,-48.9,-53.7,3.7,-0.3,-1.2,0.0005552016
914,33.39,0.02,359.15,0.0005193,155.4,-48.6,-52.7,3.6,1.1,-1.2,0.0005592861
915,33.29,0.02,359.15,0.000525,155.6,-48.3,-53.3,3.5,0.1,-1.5,0.000564375
916,33.19,0.02,359.15,0.0005307,155.8,-48.1,-53.6,3.5,-2.8,-1.5,0.0005699718000000001
917,33.09,0.02,359.15,0.0005366,156.0,-47.8,-53.5,3.4,-2.2,-1.3,0.0005757718
918,32.99,0.02,359.15,0.0005425,156.2,-47.6,-53.9,3.3,-2.0,-1.2,0.0005815600000000001
919,32.89,0.02,359.15,0.0005484,156.4,-47.3,-53.6,3.2,-1.5,-1.2,0.0005807556
920,32.79,0.02,359.15,0.0005544,156.6,-47.1,-54.5,3.1,-2.5,-1.0,0.0005837832
921,32.69,0.02,359.15,0.0005605,156.8,-46.8,-54.4,3.0,-2.2,-1.1,0.000591888
922,32.59,0.02,359.15,0.0005667,157.1,-46.5,-53.6,3.0,-2.1,-0.8,0.0006007019999999999
923,32.49,0.02,359.15,0.0005729,157.3,-46.3,-54.4,2.9,-2.0,-1.0,0.0006026908
924,32.39,0.02,359.15,0.0005792,157.5,-46.0,-53.8,2.8,-3.1,-1.0,0.0006052639999999999
925,32.29,0.02,359.15,0.0005856,157.7,-45.8,-54.4,2.7,-1.4,-0.9,0.000611952
926,32.19,0.02,359.15,0.000592,157.9,-45.5,-54.5,2.6,-2.2,-0.8,0.000612128
927,32.09,0.02,359.15,0.0005985,158.1,-45.2,-53.6,2.6,-1.1,-0.9,0.000620046
928,31.99,0.02,359.15,0.0006051,158.3,-45.0,-51.8,2.5,-1.2,-0.6,0.000629304
929,31.89,0.02,359.15,0.0006117,158.5,-44.7,-52.1,2.4,-1.3,-0.7,0.0006410615999999999
930,31.79,0.02,359.15,0.0006185,158.8,-44.5,-53.0,2.3,-1.9,-0.8,0.0006481880000000001
931,31.69,0.02,359.15,0.0006253,159.0,-44.2,-54.2,2.2,-1.4,-0.9,0.0006484360999999999
932,31.59,0.02,359.15,0.0006322,159.2,-43.9,-53.3,2.2,-1.7,-0.8,0.0006517981999999999
933,31.49,0.02,359.15,0.0006391,159.4,-43.7,-52.8,2.1,-1.2,-0.9,0.0006525210999999999
934,31.39,0.02,359.15,0.0006461,159.6,-43.4,-52.9,2.0,-0.2,-0.8,0.0006648369
935,31.29,0.02,359.15,0.0006533,159.8,-43.2,-52.4,1.9,-0.4,-0.8,0.000672899
936,31.19,0.02,359.15,0.0006604,160.0,-42.9,-51.4,1.8,1.0,-0.5,0.0006821932
937,31.09,0.02,359.15,0.0006677,160.2,-42.6,-49.7,1.7,0.9,-0.8,0.0006910695
938,30.99,0.02,359.15,0.0006751,160.4,-42.4,-49.4,1.7,1.9,-0.8,0.0006940028
939,30.89,0.02,359.15,0.0006825,160.7,-42.1,-48.6,1.6,1.4,-0.7,0.0007036574999999998
940,30.79,0.02,359.15,0.00069,160.9,-41.9,-47.1,1.5,-0.0,-0.5,0.00071898
941,30.69,0.02,359.15,0.0006976,161.1,-41.6,-46.3,1.4,-0.9,-0.3,0.0007268992000000001
942,30.59,0.02,359.15,0.0007053,161.3,-41.4,-44.8,1.3,0.7,-0.3,0.0007349226
943,30.49,0.02,359.15,0.0007131,161.5,-41.1,-43.4,1.3,0.1,-0.2,0.0007409109
944,30.39,0.02,359.15,0.000721,161.7,-40.8,-44.2,1.2,-0.2,-0.4,0.000743351
945,30.29,0.02,359.15,0.0007289,161.9,-40.6,-45.7,1.1,0.4,-0.5,0.0007609716
946,30.19,0.02,359.15,0.0007369,162.1,-40.3,-45.0,1.0,1.3,-0.3,0.0007678498
947,30.09,0.02,359.15,0.0007451,162.4,-40.1,-44.7,0.9,1.4,-0.2,0.000774904
948,29.99,0.02,359.15,0.0007532,162.6,-39.8,-43.9,0.8,1.5,0.2,0.0007840811999999999
949,29.89,0.02,359.15,0.0007608,162.8,-39.7,-43.9,0.8,2.5,0.0,0.0008041655999999999
950,29.79,0.02,359.15,0.0007685,163.0,-39.5,-44.5,0.7,1.9,-0.1,0.000816147
951,29.69,0.02,359.15,0.0007762,163.2,-39.4,-43.5,0.6,1.0,-0.2,0.0008251005999999999
952,29.59,0.02,359.15,0.000784,163.4,-39.3,-42.5,0.5,-0.9,-0.2,0.000827904
953,29.49,0.02,359.15,0.000792,163.6,-39.1,-43.2,0.4,-3.2,-0.2,0.00083952
954,29.39,0.02,359.15,0.0007999,163.8,-39.0,-44.4,0.3,-3.7,-0.0,0.0008510936
955,29.29,0.02,359.15,0.000808,164.1,-38.9,-44.8,0.2,-3.3,-0.1,0.0008459759999999999
956,29.19,0.02,359.15,0.0008162,164.3,-38.7,-45.8,0.1,-3.2,0.2,0.000844767
957,29.09,0.02,359.15,0.0008244,164.5,-38.6,-45.2,-0.0,-3.4,0.2,0.0008474832
958,28.99,0.02,359.15,0.0008327,164.7,-38.5,-44.3,-0.1,-2.7,-0.0,0.0008535175
959,28.89,0.02,359.15,0.0008412,164.9,-38.4,-46.3,-0.2,-1.7,-0.1,0.0008622299999999999
960,28.79,0.02,359.15,0.0008496,165.1,-38.2,-47.5,-0.3,-1.2,-0.1,0.0008725391999999999
961,28.69,0.02,359.15,0.0008582,165.3,-38.1,-47.5,-0.4,-0.4,-0.1,0.0008908116
962,28.59,0.02,359.15,0.0008669,165.6,-38.0,-47.4,-0.5,0.5,-0.1,0.0009007090999999999
963,28.49,0.02,359.15,0.0008757,165.8,-37.8,-46.6,-0.6,-0.8,-0.1,0.000910728
964,28.39,0.02,359.15,0.0008845,166.0,-37.7,-46.1,-0.7,-1.3,-0.0,0.000926956
965,28.29,0.02,359.15,0.0008935,166.2,-37.6,-46.3,-0.8,-0.6,0.1,0.0009354944999999999
966,28.19,0.02,359.15,0.0009025,166.4,-37.4,-45.3,-0.9,0.0,0.1,0.00094221
967,28.09,0.02,359.15,0.0009116,166.6,-37.3,-45.2,-1.0,-0.7,0.2,0.000952622
968,27.99,0.02,359.15,0.0009208,166.8,-37.2,-45.1,-1.1,-2.5,0.4,0.0009603944
969,27.89,0.02,359.15,0.0009302,167.1,-37.0,-45.0,-1.1,-2.0,0.3,0.0009748496
970,27.79,0.02,359.15,0.0009396,167.3,-36.9,-45.5,-1.2,-0.5,0.2,0.0009987948
971,27.69,0.02,359.15,0.0009491,167.5,-36.8,-45.4,-1.3,-1.7,0.4,0.000996555
972,27.59,0.02,359.15,0.0009587,167.7,-36.6,-46.4,-1.4,-1.6,0.2,0.0010114285
973,27.49,0.02,359.15,0.0009684,167.9,-36.5,-46.4,-1.5,-2.4,0.1,0.001031346
974,27.39,0.02,359.15,0.0009782,168.1,-36.4,-47.0,-1.6,-2.9,0.1,0.0010408048
975,27.29,0.02,359.15,0.0009881,168.3,-36.2,-46.7,-1.7,-2.6,-0.2,0.0010503503
976,27.19,0.02,359.15,0.0009981,168.6,-36.1,-46.9,-1.8,-2.0,-0.3,0.0010579860000000001
977,27.09,0.02,359.15,0.001008,168.8,-36.0,-46.6,-1.9,-1.6,-0.4,0.001064448
978,26.99,0.02,359.15,0.001018,169.0,-35.8,-46.6,-2.0,-2.6,-0.2,0.0010689
979,26.89,0.02,359.15,0.001029,169.2,-35.7,-45.4,-2.1,-3.4,-0.5,0.00108045
980,26.79,0.02,359.15,0.001039,169.4,-35.6,-45.5,-2.2,-2.4,-0.6,0.001097184
981,26.69,0.02,359.15,0.00105,169.6,-35.4,-45.1,-2.3,-1.2,-0.8,0.00110985
982,26.59,0.02,359.15,0.00106,169.8,-35.3,-44.7,-2.4,-0.1,-0.8,0.0011161799999999998
983,26.49,0.02,359.15,0.001071,170.1,-35.2,-44.4,-2.5,-0.4,-0.8,0.0011277629999999997
984,26.39,0.02,359.16,0.001082,170.3,-35.0,-45.2,-2.6,-1.6,-0.7,0.0011404280000000002
985,26.29,0.02,359.16,0.001093,170.5,-34.9,-46.2,-2.7,-3.2,-0.6,0.001141092
986,26.19,0.02,359.16,0.001104,170.7,-34.8,-45.8,-2.8,-4.7,-0.5,0.001145952
987,26.09,0.02,359.16,0.001115,170.9,-34.6,-45.2,-2.9,-5.8,-0.6,0.0011618300000000002
988,25.99,0.02,359.16,0.001127,171.1,-34.5,-45.2,-3.0,-5.7,-0.7,0.0011754609999999998
989,25.89,0.02,359.16,0.001138,171.3,-34.4,-44.4,-3.0,-5.6,-0.7,0.001181244
990,25.79,0.02,359.16,0.00115,171.5,-34.2,-43.4,-3.1,-5.1,-0.7,0.0011914
991,25.69,0.02,359.16,0.001161,171.8,-34.1,-43.1,-3.2,-6.1,-0.6,0.0012039569999999999
992,25.59,0.02,359.16,0.001173,172.0,-34.0,-44.3,-3.3,-6.5,-0.7,0.0012034980000000001
993,25.49,0.02,359.16,0.001185,172.2,-33.8,-45.0,-3.4,-6.8,-0.7,0.0012324
994,25.39,0.02,359.16,0.001197,172.4,-33.7,-44.9,-3.5,-6.7,-0.9,0.001254456
995,25.29,0.02,359.16,0.001209,172.6,-33.6,-45.1,-3.6,-6.3,-0.9,0.001265823
996,25.19,0.02,359.16,0.001221,172.8,-33.4,-44.8,-3.7,-5.1,-1.0,0.001289376
997,25.09,0.02,359.16,0.001234,173.0,-33.3,-44.1,-3.8,-6.4,-0.8,0.001294466
998,24.99,0.02,359.16,0.001246,173.3,-33.2,-45.4,-3.9,-6.5,-1.0,0.0013045619999999998
999,24.89,0.02,359.16,0.001259,173.4,-32.9,-44.8,-3.9,-5.5,-1.0,0.001316914
1000,24.79,0.02,359.16,0.001271,173.6,-32.7,-44.5,-4.0,-4.5,-1.1,0.001332008
1001,24.69,0.02,359.16,0.001284,173.8,-32.5,-44.7,-4.0,-5.0,-1.2,0.001344348
1002,24.59,0.02,359.16,0.001297,174.0,-32.2,-44.0,-4.1,-5.9,-1.4,0.001356662
1003,24.49,0.02,359.16,0.00131,174.2,-32.0,-43.0,-4.1,-6.0,-1.4,0.00137026
1004,24.39,0.02,359.16,0.001323,174.4,-31.8,-42.1,-4.2,-5.7,-1.2,0.0013798889999999998
1005,24.29,0.02,359.16,0.001336,174.6,-31.5,-42.8,-4.2,-6.1,-1.4,0.0013827599999999998
1006,24.19,0.02,359.16,0.001349,174.7,-31.3,-43.6,-4.3,-6.6,-1.5,0.001398913
1007,24.09,0.02,359.16,0.001363,174.9,-31.1,-42.7,-4.3,-7.6,-1.5,0.001420246
1008,23.99,0.02,359.16,0.001377,175.1,-30.8,-42.4,-4.4,-7.3,-1.8,0.001434834
1009,23.89,0.02,359.16,0.00139,175.3,-30.6,-42.7,-4.4,-6.8,-1.8,0.00145255
1010,23.79,0.02,359.16,0.001404,175.5,-30.4,-41.7,-4.5,-7.5,-1.7,0.001458756
1011,23.69,0.02,359.16,0.001418,175.7,-30.1,-41.7,-4.5,-6.5,-1.7,0.0014818099999999999
1012,23.59,0.02,359.16,0.001432,175.9,-29.9,-42.4,-4.6,-6.9,-1.7,0.0014821199999999997
1013,23.49,0.02,359.16,0.001447,176.0,-29.7,-42.6,-4.6,-8.5,-1.7,0.001494751
1014,23.39,0.02,359.16,0.001461,176.2,-29.4,-41.6,-4.7,-8.2,-1.6,0.0015062909999999999
1015,23.29,0.02,359.16,0.001476,176.4,-29.2,-41.3,-4.7,-8.2,-1.6,0.0015291360000000002
1016,23.19,0.02,359.16,0.001491,176.6,-29.0,-40.8,-4.8,-7.1,-1.6,0.001538712
1017,23.09,0.02,359.16,0.001505,176.8,-28.7,-41.1,-4.8,-7.4,-1.5,0.001554665
1018,22.99,0.02,359.16,0.001521,177.0,-28.5,-41.5,-4.9,-7.7,-1.9,0.0015651089999999999
1019,22.89,0.02,359.16,0.001536,177.2,-28.3,-41.2,-4.9,-8.9,-1.9,0.001579008
1020,22.79,0.02,359.16,0.001551,177.4,-28.0,-40.7,-5.0,-10.0,-1.7,0.0015913260000000001
1021,22.69,0.02,359.16,0.001567,177.5,-27.8,-41.2,-5.0,-9.0,-1.6,0.001604608
1022,22.59,0.02,359.16,0.001582,177.7,-27.6,-40.8,-5.1,-9.7,-1.5,0.001624714
1023,22.49,0.02,359.16,0.001598,177.9,-27.3,-40.5,-5.1,-10.6,-1.5,0.0016411459999999998
1024,22.39,0.02,359.16,0.001614,178.1,-27.1,-40.9,-5.2,-10.0,-1.5,0.001652736
1025,22.29,0.02,359.16,0.00163,178.3,-26.9,-39.4,-5.2,-10.1,-1.4,0.0016674899999999998
1026,22.19,0.02,359.16,0.001647,178.5,-26.6,-40.0,-5.3,-9.6,-1.7,0.0017013509999999998
1027,22.09,0.02,359.16,0.001663,178.7,-26.4,-40.1,-5.3,-9.6,-1.4,0.0017128900000000001
1028,21.99,0.02,359.16,0.00168,178.8,-26.2,-40.0,-5.3,-8.1,-1.3,0.0017438400000000002
1029,21.89,0.02,359.16,0.001697,179.0,-25.9,-38.9,-5.4,-6.7,-1.2,0.00176488
1030,21.79,0.02,359.16,0.001714,179.2,-25.7,-37.6,-5.4,-6.7,-1.2,0.001787702
1031,21.69,0.02,359.16,0.001731,179.4,-25.5,-36.9,-5.5,-6.2,-1.3,0.001803702
1032,21.59,0.02,359.16,0.001748,179.6,-25.2,-35.5,-5.5,-5.2,-1.4,0.001821416
1033,21.49,0.02,359.16,0.001766,179.8,-25.0,-34.1,-5.6,-5.9,-1.4,0.0018454699999999999
1034,21.39,0.02,359.16,0.001783,180.0,-24.8,-32.7,-5.6,-5.9,-1.3,0.001870367
1035,21.29,0.02,359.16,0.001801,180.1,-24.5,-33.3,-5.7,-5.7,-1.4,0.001882045
1036,21.19,0.02,359.16,0.001819,180.3,-24.3,-32.9,-5.7,-5.5,-1.4,0.0018972169999999999
1037,21.09,0.02,359.16,0.001838,180.5,-24.1,-32.5,-5.8,-6.3,-1.5,0.0019004920000000002
1038,20.99,0.02,359.16,0.001856,180.7,-23.8,-31.4,-5.8,-6.5,-1.7,0.0019228160000000002
1039,20.89,0.02,359.16,0.001875,180.9,-23.6,-31.5,-5.9,-7.1,-1.6,0.00193875
1040,20.79,0.02,359.16,0.001893,181.1,-23.4,-30.3,-5.9,-7.6,-1.3,0.001972506
1041,20.69,0.02,359.16,0.001912,181.3,-23.1,-30.5,-6.0,-7.1,-1.3,0.001982744
1042,20.59,0.02,359.16,0.001932,181.4,-22.9,-30.7,-6.0,-7.4,-1.2,0.002007348
1043,20.49,0.02,359.16,0.001951,181.6,-22.7,-30.2,-6.1,-8.7,-1.1,0.0020368440000000003
1044,20.39,0.02,359.16,0.00197,181.8,-22.4,-30.5,-6.1,-7.3,-1.2,0.0020685
1045,20.29,0.02,359.16,0.00199,182.0,-22.2,-30.0,-6.2,-7.4,-1.2,0.0020755699999999997
1046,20.19,0.02,359.16,0.00201,182.2,-22.0,-30.1,-6.2,-7.9,-1.4,0.00210648
1047,20.09,0.02,359.16,0.00203,182.4,-21.7,-30.8,-6.3,-8.5,-1.3,0.0021233800000000002
1048,19.99,0.02,359.16,0.002051,182.6,-21.5,-31.1,-6.3,-9.4,-1.6,0.002143295
1049,19.89,0.02,359.16,0.002071,182.7,-21.0,-30.5,-6.2,-9.3,-1.6,0.002166266
1050,19.79,0.02,359.16,0.002091,182.9,-20.6,-28.4,-6.2,-9.4,-1.4,0.0021725489999999997
1051,19.69,0.02,359.16,0.002111,183.1,-20.1,-27.9,-6.1,-9.2,-1.4,0.0021996620000000002
1052,19.59,0.02,359.16,0.002131,183.3,-19.7,-26.9,-6.0,-9.7,-1.2,0.002214109
1053,19.49,0.02,359.16,0.002152,183.4,-19.2,-26.5,-6.0,-10.5,-1.3,0.002218712
1054,19.39,0.02,359.16,0.002173,183.6,-18.8,-25.7,-5.9,-10.6,-1.4,0.0022425360000000003
1055,19.29,0.02,359.16,0.002194,183.8,-18.3,-25.4,-5.8,-10.3,-1.5,0.002266402
1056,19.19,0.02,359.16,0.002215,183.9,-17.9,-24.9,-5.8,-10.1,-1.6,0.00228588
1057,19.09,0.02,359.16,0.002236,184.1,-17.4,-25.3,-5.7,-11.1,-1.6,0.002305316
1058,18.99,0.02,359.16,0.002258,184.3,-17.0,-24.9,-5.7,-10.3,-1.6,0.002327998
1059,18.89,0.02,359.16,0.00228,184.5,-16.5,-22.4,-5.6,-9.6,-1.5,0.00234384
1060,18.79,0.02,359.16,0.002302,184.6,-16.1,-21.3,-5.5,-9.5,-1.3,0.0023687579999999995
1061,18.69,0.02,359.16,0.002324,184.8,-15.6,-20.4,-5.5,-9.2,-1.4,0.0023681559999999997
1062,18.59,0.02,359.16,0.002346,185.0,-15.2,-20.4,-5.4,-8.9,-1.1,0.00239292
1063,18.49,0.02,359.16,0.002369,185.2,-14.7,-19.8,-5.3,-8.9,-1.0,0.002402166
1064,18.39,0.02,359.16,0.002392,185.3,-14.3,-20.6,-5.3,-9.1,-1.0,0.002420704
1065,18.29,0.02,359.16,0.002415,185.5,-13.8,-20.6,-5.2,-9.3,-0.8,0.0024343200000000002
1066,18.19,0.02,359.16,0.002438,185.7,-13.4,-20.1,-5.1,-9.2,-0.8,0.002435562
1067,18.09,0.02,359.16,0.002462,185.8,-12.9,-19.5,-5.1,-9.3,-0.8,0.0024595380000000003
1068,17.99,0.02,359.16,0.002486,186.0,-12.5,-19.1,-5.0,-9.4,-0.9,0.002458654
1069,17.89,0.02,359.16,0.00251,186.2,-12.0,-19.1,-4.9,-9.3,-0.8,0.00247486
1070,17.79,0.02,359.16,0.002534,186.4,-11.6,-18.3,-4.9,-8.4,-1.0,0.0024706499999999996
1071,17.69,0.02,359.16,0.002559,186.5,-11.1,-17.4,-4.8,-8.5,-1.0,0.002495025
1072,17.59,0.02,359.16,0.002584,186.7,-10.7,-16.2,-4.7,-8.3,-0.7,0.0025064799999999997
1073,17.49,0.02,359.16,0.002609,186.9,-10.2,-16.0,-4.7,-8.8,-0.7,0.002535948
1074,17.39,0.02,359.16,0.002634,187.1,-9.8,-16.1,-4.6,-8.1,-0.8,0.002552346
1075,17.29,0.02,359.17,0.002659,187.2,-9.3,-15.4,-4.6,-8.3,-0.7,0.002587207
1076,17.19,0.02,359.17,0.002685,187.4,-8.9,-15.7,-4.5,-7.6,-0.8,0.00261519
1077,17.09,0.02,359.17,0.002711,187.6,-8.4,-15.6,-4.4,-8.4,-0.5,0.0026161149999999996
1078,16.99,0.02,359.17,0.002737,187.7,-8.0,-15.2,-4.4,-8.4,-0.5,0.0026384679999999997
1079,16.89,0.02,359.17,0.002764,187.9,-7.5,-14.9,-4.3,-7.5,-0.7,0.002661732
1080,16.79,0.02,359.17,0.002791,188.1,-7.1,-14.7,-4.2,-8.2,-0.8,0.002668196
1081,16.69,0.02,359.17,0.002818,188.3,-6.6,-13.7,-4.2,-8.5,-0.7,0.002685554
1082,16.59,0.02,359.17,0.002845,188.4,-6.2,-13.2,-4.1,-7.7,-0.8,0.0026885249999999998
1083,16.49,0.02,359.17,0.002873,188.6,-5.8,-11.9,-4.0,-8.3,-0.7,0.002703493
1084,16.39,0.02,359.17,0.0029,188.8,-5.3,-11.0,-4.0,-8.6,-0.6,0.0027346999999999996
1085,16.29,0.02,359.17,0.002929,189.0,-4.9,-11.0,-3.9,-8.7,-0.7,0.002750331
1086,16.19,0.02,359.17,0.002957,189.1,-4.4,-10.4,-3.8,-8.0,-0.9,0.002782537
1087,16.09,0.02,359.17,0.002986,189.3,-4.0,-8.4,-3.8,-9.1,-0.8,0.002824756
1088,15.99,0.02,359.17,0.003015,189.5,-3.5,-7.6,-3.7,-9.2,-0.8,0.0028340999999999996
1089,15.89,0.02,359.17,0.003044,189.6,-3.1,-6.8,-3.6,-8.5,-0.9,0.0028644039999999996
1090,15.79,0.02,359.17,0.003073,189.8,-2.6,-6.3,-3.6,-7.8,-0.7,0.002916277
1091,15.69,0.02,359.17,0.003103,190.0,-2.2,-6.0,-3.5,-8.6,-0.7,0.0029602619999999995
1092,15.59,0.02,359.17,0.003133,190.2,-1.7,-5.9,-3.4,-9.2,-0.8,0.002995148
1093,15.49,0.02,359.17,0.003164,190.3,-1.3,-5.8,-3.4,-9.5,-1.0,0.003027948
1094,15.39,0.02,359.17,0.003194,190.5,-0.8,-4.7,-3.3,-9.2,-0.9,0.0030534639999999997
1095,15.29,0.02,359.17,0.003225,190.7,-0.4,-4.4,-3.3,-9.1,-0.8,0.0030831
1096,15.19,0.02,359.17,0.003257,190.9,0.1,-3.8,-3.2,-9.1,-0.7,0.003123463
1097,15.09,0.02,359.17,0.003288,191.0,0.5,-3.1,-3.1,-9.3,-0.6,0.003146616
1098,14.99,0.02,359.17,0.00332,191.2,1.0,-2.7,-3.1,-9.4,-0.7,0.00316396
1099,14.89,0.02,359.17,0.00335,191.4,1.2,-1.8,-3.0,-8.9,-0.4,0.0031892
1100,14.79,0.02,359.17,0.003381,191.6,1.4,-1.0,-3.0,-7.9,-0.5,0.003238998
1101,14.69,0.02,359.17,0.003412,191.8,1.6,-0.4,-3.0,-8.2,-0.5,0.003255048
1102,14.59,0.02,359.17,0.003443,192.0,1.8,1.1,-3.0,-8.8,-0.4,0.003294951
1103,14.49,0.02,359.17,0.003474,192.1,2.0,2.4,-2.9,-9.3,-0.2,0.003341988
1104,14.39,0.02,359.17,0.003506,192.3,2.2,2.7,-2.9,-8.7,-0.3,0.003379784
1105,14.29,0.02,359.17,0.003538,192.5,2.4,3.8,-2.9,-8.1,-0.4,0.003410632
1106,14.19,0.02,359.17,0.00357,192.7,2.6,4.3,-2.9,-8.2,-0.5,0.0034307699999999997
1107,14.09,0.02,359.17,0.003603,192.9,2.8,5.3,-2.8,-8.2,-0.5,0.0034552769999999997
1108,13.99,0.02,359.17,0.003636,193.1,3.0,5.8,-2.8,-7.6,-0.5,0.0034941959999999998
1109,13.89,0.02,359.17,0.003669,193.3,3.3,5.8,-2.8,-7.0,-0.4,0.003492888
1110,13.79,0.02,359.17,0.003703,193.5,3.5,5.5,-2.7,-5.9,-0.4,0.0035215529999999997
1111,13.69,0.02,359.17,0.003736,193.6,3.7,5.0,-2.7,-6.6,-0.7,0.003560408
1112,13.59,0.02,359.17,0.003771,193.8,3.9,5.6,-2.7,-6.6,-0.7,0.0035673659999999998
1113,13.49,0.02,359.17,0.003805,194.0,4.1,5.7,-2.7,-6.4,-0.6,0.003588115
1114,13.39,0.02,359.17,0.00384,194.2,4.3,6.3,-2.6,-6.2,-0.5,0.00362112
1115,13.29,0.02,359.17,0.003875,194.4,4.5,6.9,-2.6,-7.2,-0.6,0.0036734999999999997
1116,13.19,0.02,359.17,0.00391,194.6,4.7,7.3,-2.6,-7.9,-0.6,0.00371059
1117,13.09,0.02,359.17,0.003946,194.8,4.9,7.1,-2.6,-6.9,-0.6,0.0037526459999999997
1118,12.99,0.02,359.17,0.003982,195.0,5.1,7.6,-2.5,-6.9,-0.6,0.003774936
1119,12.89,0.02,359.17,0.004019,195.1,5.3,8.8,-2.5,-6.7,-0.5,0.0038019739999999996
1120,12.79,0.02,359.17,0.004055,195.3,5.5,8.2,-2.5,-7.4,-0.6,0.0038481949999999996
1121,12.69,0.02,359.17,0.004092,195.5,5.8,8.5,-2.5,-7.2,-0.7,0.0038751239999999998
1122,12.59,0.02,359.17,0.00413,195.7,6.0,8.9,-2.4,-6.8,-0.7,0.00392763
1123,12.49,0.02,359.17,0.004168,195.9,6.2,9.1,-2.4,-6.8,-0.7,0.003984608
1124,12.39,0.02,359.17,0.004206,196.1,6.4,9.1,-2.4,-6.8,-0.7,0.004020935999999999
1125,12.29,0.02,359.17,0.004244,196.3,6.6,10.1,-2.3,-6.8,-0.7,0.004065752000000001
1126,12.19,0.02,359.17,0.004283,196.5,6.8,9.9,-2.3,-7.9,-0.9,0.004128812
1127,12.09,0.02,359.17,0.004322,196.6,7.0,9.9,-2.3,-7.4,-0.8,0.004166408
1128,11.99,0.02,359.17,0.004362,196.8,7.2,8.9,-2.3,-7.7,-0.7,0.0042224160000000005
1129,11.89,0.02,359.17,0.004402,197.0,7.4,9.6,-2.2,-7.6,-0.7,0.00426994
1130,11.79,0.02,359.17,0.004442,197.2,7.6,9.2,-2.2,-8.0,-0.8,0.004317624
1131,11.69,0.02,359.17,0.004483,197.4,7.8,9.5,-2.2,-7.9,-1.0,0.004321612
1132,11.59,0.02,359.17,0.004524,197.6,8.1,9.1,-2.2,-7.6,-0.8,0.004370184
1133,11.49,0.02,359.17,0.004565,197.8,8.3,10.1,-2.1,-8.0,-0.8,0.004414354999999999
1134,11.39,0.02,359.17,0.004607,198.0,8.5,10.3,-2.1,-8.1,-0.8,0.004482611
1135,11.29,0.02,359.17,0.00465,198.1,8.7,10.3,-2.1,-7.5,-0.6,0.00453375
1136,11.19,0.02,359.17,0.004692,198.3,8.9,9.7,-2.1,-7.2,-0.4,0.0045840839999999996
1137,11.09,0.02,359.17,0.004735,198.5,9.1,10.7,-2.0,-7.0,-0.4,0.004607155
1138,10.99,0.02,359.17,0.004779,198.7,9.3,10.3,-2.0,-6.6,-0.4,0.004673862
1139,10.89,0.02,359.17,0.004822,198.9,9.5,10.4,-2.0,-6.6,-0.4,0.00474967
1140,10.79,0.02,359.17,0.004867,199.1,9.7,10.4,-2.0,-6.2,-0.3,0.004789128
1141,10.69,0.02,359.17,0.004911,199.3,9.9,10.0,-1.9,-5.5,-0.3,0.004822602
1142,10.59,0.02,359.17,0.004956,199.5,10.1,8.9,-1.9,-4.9,-0.2,0.004846968
1143,10.49,0.02,359.17,0.005002,199.6,10.3,8.2,-1.9,-4.1,-0.4,0.004881952
1144,10.39,0.02,359.17,0.005048,199.8,10.6,8.1,-1.8,-4.3,-0.5,0.004891512000000001
1145,10.29,0.02,359.17,0.005094,200.0,10.8,8.5,-1.8,-4.5,-0.6,0.004920803999999999
1146,10.19,0.02,359.17,0.005141,200.2,11.0,8.1,-1.8,-4.7,-0.5,0.004991911
1147,10.09,0.02,359.17,0.005188,200.4,11.2,8.2,-1.8,-5.1,-0.4,0.005037548
1148,9.99,0.02,359.17,0.005235,200.6,11.3,8.6,-1.7,-5.6,-0.5,0.005104125
1149,9.89,0.02,359.17,0.00528,200.8,11.2,8.8,-1.7,-5.2,-0.4,0.00513216
1150,9.79,0.02,359.17,0.005326,201.0,11.1,8.4,-1.6,-5.6,-0.4,0.005182198
1151,9.69,0.02,359.17,0.005372,201.2,11.0,8.4,-1.6,-5.7,-0.3,0.0052000959999999995
1152,9.59,0.02,359.17,0.005418,201.4,10.9,7.9,-1.5,-5.6,-0.4,0.005277132
1153,9.49,0.02,359.17,0.005465,201.6,10.7,7.9,-1.4,-5.7,-0.6,0.005295585
1154,9.39,0.02,359.17,0.005512,201.8,10.6,7.9,-1.4,-6.0,-0.5,0.005346640000000001
1155,9.29,0.02,359.17,0.00556,202.0,10.5,7.1,-1.3,-5.4,-0.4,0.00537652
1156,9.19,0.02,359.17,0.005608,202.2,10.4,7.0,-1.3,-4.4,-0.3,0.005445368
1157,9.09,0.02,359.17,0.005656,202.4,10.3,6.6,-1.2,-4.3,-0.2,0.005508943999999999
1158,8.99,0.02,359.17,0.005705,202.6,10.1,6.9,-1.1,-4.1,-0.1,0.00554526
1159,8.89,0.02,359.17,0.005754,202.9,10.0,7.4,-1.1,-3.3,-0.1,0.005569871999999999
1160,8.79,0.02,359.17,0.005804,203.1,9.9,7.4,-1.0,-2.1,-0.2,0.005606664
1161,8.69,0.02,359.17,0.005854,203.3,9.8,7.5,-1.0,-2.2,-0.2,0.005631547999999999
1162,8.59,0.02,359.17,0.005905,203.5,9.7,6.8,-0.9,-2.1,0.1,0.005704229999999999
1163,8.49,0.02,359.17,0.005956,203.7,9.5,6.5,-0.8,-2.4,0.0,0.005729672
1164,8.39,0.02,359.17,0.006008,203.9,9.4,6.6,-0.8,-1.7,-0.1,0.005785704
1165,8.29,0.02,359.17,0.006059,204.1,9.3,6.4,-0.7,-1.8,-0.0,0.0058105809999999996
1166,8.19,0.02,359.18,0.006112,204.3,9.2,6.3,-0.7,-1.5,-0.0,0.00583696
1167,8.09,0.02,359.18,0.006165,204.5,9.1,6.8,-0.6,-1.3,-0.1,0.005875245
1168,7.99,0.02,359.18,0.006218,204.7,8.9,6.9,-0.6,-1.4,-0.1,0.0059195359999999995
1169,7.89,0.02,359.18,0.006272,204.9,8.8,7.2,-0.5,-1.5,-0.1,0.005996031999999999
1170,7.79,0.02,359.18,0.006326,205.1,8.7,7.4,-0.4,-1.5,-0.2,0.006022352
1171,7.69,0.02,359.18,0.006381,205.3,8.6,7.3,-0.4,-0.8,-0.5,0.006106617
1172,7.59,0.02,359.18,0.006436,205.5,8.4,7.1,-0.3,-1.4,-0.5,0.006159252
1173,7.49,0.02,359.18,0.006492,205.7,8.3,7.5,-0.3,-1.9,-0.4,0.006173892
1174,7.39,0.02,359.18,0.006548,205.9,8.2,8.1,-0.2,-1.2,-0.4,0.00625334
1175,7.29,0.02,359.18,0.006605,206.2,8.1,8.3,-0.1,-1.3,-0.5,0.006334195
1176,7.19,0.02,359.18,0.006662,206.4,8.0,8.4,-0.1,-1.4,-0.4,0.006402182
1177,7.09,0.02,359.18,0.00672,206.6,7.8,8.3,-0.0,-2.1,-0.4,0.00644448
1178,6.99,0.02,359.18,0.006778,206.8,7.7,7.6,0.0,-2.0,-0.4,0.006466212
1179,6.89,0.02,359.18,0.006837,207.0,7.6,7.3,0.1,-2.1,-0.5,0.006522498
1180,6.79,0.02,359.18,0.006896,207.2,7.5,6.7,0.2,-2.2,-0.4,0.006592576
1181,6.69,0.02,359.18,0.006956,207.4,7.4,6.5,0.2,-2.2,-0.3,0.006636024
1182,6.59,0.02,359.18,0.007016,207.6,7.2,5.4,0.3,-1.8,-0.3,0.006700279999999999
1183,6.49,0.02,359.18,0.007077,207.8,7.1,5.7,0.3,-2.0,-0.2,0.006772688999999999
1184,6.39,0.02,359.18,0.007138,208.0,7.0,5.3,0.4,-1.6,-0.4,0.006823928
1185,6.29,0.02,359.18,0.0072,208.2,6.9,4.8,0.4,-1.4,-0.3,0.0068616
1186,6.19,0.02,359.18,0.007262,208.4,6.8,4.6,0.5,-2.0,-0.4,0.006913424
1187,6.09,0.02,359.18,0.007325,208.6,6.6,4.3,0.6,-1.8,-0.4,0.00698805
1188,5.99,0.02,359.18,0.007389,208.8,6.5,4.5,0.6,-2.9,-0.4,0.007026938999999999
1189,5.89,0.02,359.18,0.007453,209.0,6.4,4.3,0.7,-3.2,-0.5,0.007117615
1190,5.79,0.02,359.18,0.007518,209.2,6.3,4.4,0.7,-3.5,-0.6,0.00717969
1191,5.69,0.02,359.18,0.007583,209.5,6.2,4.2,0.8,-3.7,-0.5,0.007256931
1192,5.59,0.02,359.18,0.007649,209.7,6.0,3.1,0.9,-2.9,-0.5,0.007327742
1193,5.49,0.02,359.18,0.007715,209.9,5.9,3.0,0.9,-2.0,-0.6,0.007375539999999999
1194,5.39,0.02,359.18,0.007782,210.1,5.8,2.9,1.0,-1.5,-0.5,0.007494066
1195,5.29,0.02,359.18,0.00785,210.3,5.7,2.9,1.0,-1.4,-0.6,0.007590949999999999
1196,5.19,0.02,359.18,0.007918,210.5,5.6,2.9,1.1,-1.0,-0.5,0.007625033999999999
1197,5.09,0.02,359.18,0.007987,210.7,5.4,2.9,1.2,-1.0,-0.5,0.007699467999999999
1198,4.99,0.02,359.18,0.008056,210.9,5.3,3.0,1.2,-0.9,-0.4,0.007790152000000001
1199,4.89,0.02,359.18,0.008125,211.0,5.3,2.7,1.2,0.0,-0.5,0.007905625
